021104	00:01	616	22.51	185	894	0.040	4.7	0.075
021104	03:01	616	22.35	185	476	0.080	4.6	0.100
021104	06:01	616	22.31	185	833	0.040	4.3	0.075
021104	09:01	616	22.47	186	146	0.080	3.9	0.125
021104	12:01	616	22.51	185	781	0.060	4.1	0.100
021104	15:01	616	22.51	185	440	0.040	4.4	0.050
021104	18:01	616	22.43	185	937	0.060	4.8	0.100
021104	21:01	616	22.39	186	386	0.060	4.7	0.075
021105	00:01	616	22.35	186	127	0.060	3.8	0.075
021105	03:01	616	22.31	185	631	0.100	3.9	0.150
021105	06:01	616	22.19	185	880	0.100	4.0	0.150
021105	09:01	616	22.31	186	216	0.140	4.1	0.200
021105	12:01	616	22.31	186	6	0.160	4.3	0.250
021105	15:01	616	22.23	185	822	0.280	4.7	0.400
021105	18:01	616	22.15	186	235	0.260	4.4	0.400
021105	21:01	616	22.11	186	755	0.220	4.9	0.325
021106	00:01	616	22.07	186	589	0.240	4.7	0.375
021106	03:01	616	21.99	186	100	0.200	4.6	0.300
021106	06:01	616	22.07	186	164	0.200	4.3	0.300
021106	09:01	616	22.15	186	447	0.160	4.4	0.250
021106	12:01	616	22.31	186	296	0.160	4.2	0.250
021106	15:01	616	22.31	186	51	0.260	4.1	0.400
021106	18:01	616	22.23	186	359	0.300	4.6	0.450
021106	21:01	616	22.19	186	536	0.500	4.0	0.750
021107	00:01	616	22.11	186	458	0.760	4.4	1.125
021107	03:01	616	21.99	185	862	0.920	4.9	1.350
021107	06:01	616	21.95	185	875	1.080	5.1	1.575
021107	09:01	616	21.99	185	689	1.380	5.3	2.025
021107	12:01	616	22.23	185	587	1.580	5.8	2.275
021107	15:01	616	22.27	185	576	1.500	5.9	2.175
021107	18:01	616	22.15	185	777	1.620	6.2	2.350
021107	21:01	616	22.19	185	934	1.160	6.5	1.675
021108	00:01	616	22.15	185	658	0.980	6.7	1.400
021108	03:01	616	21.95	185	706	0.820	7.4	1.150
021108	06:01	616	21.83	185	559	0.600	6.7	0.850
021108	09:01	616	22.15	186	67	0.300	6.6	0.425
021108	12:01	616	22.27	185	767	0.280	5.9	0.400
021108	15:01	616	22.23	185	849	0.260	5.5	0.375
021108	18:01	616	22.15	186	104	0.320	4.1	0.475
021108	21:01	616	22.03	186	291	0.380	4.4	0.550
021109	00:01	616	21.95	185	946	0.380	5.2	0.550
021109	03:01	616	21.95	185	958	0.300	5.6	0.425
021109	06:01	616	21.91	186	184	0.380	5.3	0.550
021109	09:01	616	21.87	185	797	0.420	6.2	0.600
021109	12:01	616	21.66	186	3	0.400	5.9	0.575
021109	15:01	616	21.66	185	923	0.560	6.8	0.800
021109	18:01	616	21.62	185	861	0.580	6.4	0.850
021109	21:01	616	21.02	186	59	0.600	6.7	0.875
021110	00:01	616	21.42	186	124	0.480	7.3	0.700
021110	03:01	616	21.54	185	828	0.260	7.2	0.375
021110	06:01	616	21.54	185	794	0.280	7.8	0.400
021110	09:01	616	21.70	185	882	0.240	6.7	0.350
021110	12:01	616	21.66	185	827	0.180	5.5	0.275
021110	15:01	616	21.66	185	976	0.180	6.1	0.275
021110	18:01	616	21.62	186	77	0.240	5.8	0.350
021110	21:01	616	21.66	186	245	0.200	4.9	0.300
021111	00:01	616	21.50	186	492	0.240	4.5	0.375
021111	03:01	616	21.46	186	363	0.220	5.2	0.325
021111	06:01	616	21.10	186	389	0.200	5.7	0.275
021111	09:01	616	21.38	186	346	0.180	5.1	0.275
021111	12:01	616	21.46	186	168	0.160	4.9	0.225
021111	15:01	616	21.46	186	249	0.540	4.4	0.800
021111	18:01	616	21.42	186	481	0.380	4.6	0.575
021111	21:01	616	21.42	186	633	0.480	4.2	0.725
021112	00:01	616	21.30	186	725	0.420	4.1	0.650
021112	03:01	616	21.30	186	670	0.260	4.1	0.400
021112	06:01	616	21.26	186	799	0.240	4.4	0.350
021112	09:01	616	21.42	186	635	0.160	5.6	0.250
021112	12:01	616	21.54	186	311	0.140	5.8	0.200
021112	15:01	616	21.46	186	211	0.100	5.4	0.150
021112	18:01	616	21.22	186	527	0.100	6.2	0.150
021112	21:01	616	21.22	186	630	0.120	4.4	0.175
021113	00:01	616	21.18	186	516	0.160	3.9	0.225
021113	03:01	616	21.18	186	547	0.260	3.5	0.400
021113	06:01	616	20.98	186	513	0.200	3.6	0.300
021113	09:01	616	21.18	186	181	0.260	4.0	0.375
021113	12:01	616	21.50	185	872	0.140	3.9	0.200
021113	15:01	616	21.38	185	991	0.080	4.4	0.125
021113	18:01	616	21.38	186	219	0.100	4.8	0.175
021113	21:01	616	21.02	186	260	0.120	3.8	0.175
021114	00:01	616	21.06	186	24	0.120	4.0	0.175
021114	03:01	616	21.02	185	975	0.120	4.0	0.175
021114	06:01	616	21.10	186	30	0.100	4.3	0.150
021114	09:01	616	21.18	185	915	0.140	4.0	0.200
021114	12:01	616	21.30	185	573	0.080	4.7	0.125
021114	15:01	616	21.30	185	658	0.080	4.2	0.125
021114	18:01	616	21.30	185	943	0.100	4.3	0.150
021114	21:01	616	21.30	186	78	0.100	4.4	0.150
021115	00:01	616	21.14	185	808	0.080	4.7	0.125
021115	03:01	616	20.78	185	769	0.060	4.9	0.100
021115	06:01	616	20.86	185	1020	0.040	4.9	0.075
021115	09:01	616	21.02	186	81	0.060	4.3	0.100
021115	12:01	616	21.30	185	865	0.080	4.6	0.100
021115	15:01	616	21.30	185	849	0.100	5.0	0.150
021115	18:01	616	21.14	186	227	0.100	5.0	0.125
021115	21:01	616	21.18	186	288	0.060	4.8	0.100
021116	00:02	616	21.10	185	1002	0.060	5.0	0.100
021116	03:02	616	20.98	185	828	0.060	4.7	0.100
021116	06:02	616	20.94	186	189	0.060	4.5	0.075
021116	09:02	616	21.06	186	491	0.040	4.7	0.075
021116	12:02	616	21.22	186	18	0.060	4.8	0.100
021116	15:02	616	21.14	186	10	0.120	6.5	0.150
021116	18:02	616	21.10	186	550	0.100	4.7	0.150
021116	21:02	616	20.29	186	748	0.100	4.4	0.125
021117	00:02	616	20.41	186	599	0.100	4.2	0.150
021117	03:02	616	20.69	186	455	0.080	4.0	0.125
021117	06:02	616	20.57	186	884	0.080	3.9	0.125
021117	09:02	616	20.65	187	33	0.080	4.3	0.100
021117	12:02	616	20.78	186	516	0.080	4.2	0.125
021117	15:02	616	20.86	186	355	0.120	4.6	0.175
021117	18:02	616	20.45	186	737	0.160	5.1	0.225
021117	21:02	616	20.69	186	992	0.180	5.0	0.275
021118	00:02	616	20.65	186	692	0.200	5.0	0.300
021118	03:02	616	20.57	186	416	0.240	4.6	0.375
021118	06:02	616	20.57	186	655	0.320	4.7	0.450
021118	09:02	616	20.49	186	835	0.320	4.3	0.475
021118	12:02	616	20.78	186	371	0.360	4.4	0.525
021118	15:02	616	20.65	186	167	0.320	4.9	0.475
021118	18:02	616	20.73	186	840	0.280	4.5	0.400
021118	21:02	616	20.65	187	220	0.300	4.6	0.450
021119	00:02	616	20.69	186	989	0.360	4.6	0.525
021119	03:02	616	20.65	186	524	0.320	4.4	0.475
021119	06:02	616	20.61	186	717	0.300	4.5	0.450
021119	09:02	616	20.82	187	32	0.300	4.6	0.425
021119	12:02	616	20.94	186	736	0.320	4.7	0.475
021119	15:02	616	21.02	186	580	0.260	5.2	0.375
021119	18:02	616	20.94	187	56	0.260	4.9	0.400
021119	21:02	616	20.94	187	404	0.260	5.0	0.375
021120	00:02	616	20.61	186	887	0.200	4.6	0.300
021120	03:02	616	20.57	186	493	0.240	5.2	0.375
021120	06:02	616	20.57	186	565	0.260	5.4	0.375
021120	09:02	616	20.61	186	851	0.260	5.4	0.375
021120	12:02	616	20.69	186	646	0.240	5.4	0.350
021120	15:02	616	20.78	186	357	0.260	5.5	0.375
021120	18:02	616	20.65	186	609	0.200	5.3	0.300
021120	21:02	616	20.65	186	929	0.200	5.5	0.300
021121	00:02	616	20.61	186	488	0.200	5.2	0.275
021121	03:02	616	20.53	185	1008	0.200	5.0	0.300
021121	06:02	616	20.53	186	131	0.180	5.4	0.275
021121	09:02	616	20.53	186	445	0.140	5.0	0.225
021121	12:02	616	20.65	186	289	0.160	5.3	0.250
021121	15:02	616	20.65	186	151	0.180	5.2	0.275
021121	18:02	616	20.61	186	634	0.420	3.6	0.650
021121	21:02	616	20.61	186	925	0.360	3.8	0.550
021122	00:02	616	20.61	186	521	0.340	4.0	0.500
021122	03:02	616	20.61	186	201	0.320	4.1	0.500
021122	06:02	616	20.61	186	324	0.320	4.4	0.475
021122	09:02	616	20.61	186	515	0.280	4.7	0.425
021122	12:02	616	20.78	186	429	0.260	4.6	0.400
021122	15:02	616	20.82	186	580	0.240	4.8	0.375
021122	18:02	616	20.65	186	785	0.140	5.0	0.200
021122	21:02	616	20.57	187	333	0.160	6.0	0.250
021123	00:02	616	20.65	187	304	0.160	6.7	0.225
021123	03:02	616	20.57	186	1000	0.140	6.6	0.200
021123	06:02	616	20.65	186	823	0.160	6.7	0.225
021123	09:02	616	20.90	187	50	0.140	6.0	0.200
021123	12:02	616	20.98	187	44	0.160	6.9	0.225
021123	15:02	616	20.94	186	906	0.120	6.5	0.175
021123	18:02	616	20.86	187	134	0.100	6.8	0.150
021123	21:02	616	20.78	187	451	0.100	5.5	0.125
021124	00:02	616	20.65	187	482	0.100	5.7	0.150
021124	03:02	616	20.61	186	1015	0.100	5.5	0.125
021124	06:02	616	20.61	186	884	0.100	4.6	0.150
021124	09:02	616	20.69	186	871	0.140	4.3	0.200
021124	12:02	616	20.86	186	706	0.120	4.4	0.175
021124	15:02	616	20.90	186	634	0.160	3.8	0.250
021124	18:02	616	20.86	186	710	0.140	3.9	0.200
021124	21:02	616	20.69	187	39	0.080	4.5	0.125
021125	00:02	616	20.65	187	174	0.140	3.6	0.200
021125	03:02	616	20.45	186	913	0.140	3.8	0.200
021125	06:02	616	20.41	186	750	0.160	4.1	0.250
021125	09:02	616	20.57	186	637	0.100	4.1	0.150
021125	12:02	616	20.61	186	578	0.100	4.2	0.150
021125	15:02	616	20.65	186	573	0.080	4.4	0.125
021125	18:02	616	20.65	186	664	0.080	4.7	0.125
021125	21:02	616	20.61	186	842	0.080	4.7	0.125
021126	00:02	616	20.53	186	736	0.080	4.1	0.125
021126	03:02	616	20.53	186	566	0.140	3.5	0.225
021126	06:02	616	20.33	186	505	0.120	4.2	0.175
021126	09:02	616	20.53	186	289	0.140	3.9	0.200
021126	12:02	616	20.78	186	116	0.120	4.0	0.175
021126	15:02	616	20.78	186	360	0.120	4.1	0.175
021126	18:02	616	20.65	186	581	0.220	3.4	0.325
021126	21:02	616	20.57	186	820	0.200	3.5	0.325
021127	00:02	616	20.57	186	892	0.400	3.4	0.600
021127	03:02	616	20.53	186	861	0.320	3.6	0.475
021127	06:02	616	20.49	186	750	0.380	3.9	0.575
021127	09:02	616	20.45	186	719	0.380	3.9	0.550
021127	12:02	616	20.65	186	543	0.480	4.0	0.725
021127	15:02	616	20.57	186	833	0.600	4.0	0.900
021127	18:02	616	20.49	186	943	0.780	4.3	1.175
021127	21:02	616	20.49	186	975	0.800	4.2	1.200
021128	00:02	616	20.33	187	102	0.920	4.5	1.350
021128	03:02	616	20.33	187	154	0.980	4.3	1.450
021128	06:02	616	20.33	187	142	0.980	4.8	1.450
021128	09:02	616	20.49	187	68	1.120	5.3	1.650
021128	12:02	616	20.57	186	848	1.000	5.5	1.450
021128	15:02	616	20.45	187	73	1.200	5.5	1.750
021128	18:02	616	20.37	187	252	1.080	5.3	1.575
021128	21:02	616	20.29	187	166	1.220	5.5	1.775
021129	00:02	616	20.25	186	895	0.860	5.4	1.250
021129	03:02	616	20.17	187	23	0.780	5.8	1.150
021129	06:02	616	20.29	187	351	0.740	5.6	1.100
021129	09:02	616	20.17	187	166	0.680	5.2	0.975
021129	12:02	616	20.29	186	748	0.660	4.9	0.975
021129	15:02	616	20.29	186	786	0.800	6.1	1.175
021129	18:02	616	20.29	187	127	0.900	5.8	1.325
021129	21:02	616	20.29	187	205	0.920	6.2	1.325
021130	00:02	616	20.25	186	593	1.100	6.3	1.575
021130	03:02	616	20.25	186	981	1.280	7.0	1.825
021130	06:02	616	20.29	187	101	0.880	6.0	1.250
021130	09:02	616	20.29	186	899	0.820	5.8	1.175
021130	12:02	616	20.33	186	441	0.760	6.3	1.100
021130	15:02	616	20.33	186	366	1.100	8.4	1.550
021130	18:02	616	20.25	186	445	1.140	7.5	1.625
021130	21:02	616	20.17	186	753	0.840	7.2	1.200
021201	00:02	616	20.17	186	75	0.920	7.4	1.325
021201	03:02	616	20.09	186	14	0.800	6.2	1.175
021201	06:02	616	20.05	186	368	0.720	5.8	1.050
021201	09:02	616	20.05	186	334	0.760	5.5	1.125
021201	12:02	616	20.09	185	788	0.800	5.3	1.150
021201	15:02	616	20.05	185	726	0.780	5.5	1.125
021201	18:02	616	20.01	186	287	0.720	4.9	1.075
021201	21:02	616	20.01	186	351	0.800	5.0	1.175
021202	00:02	616	20.01	185	959	0.860	5.6	1.275
021202	03:02	616	19.97	185	584	0.820	5.5	1.200
021202	06:02	616	19.97	185	596	0.640	5.1	0.925
021202	09:02	616	20.01	185	743	0.600	5.1	0.875
021202	12:02	616	20.05	185	536	0.680	5.6	0.975
021202	15:02	616	20.01	185	250	0.580	5.9	0.825
021202	18:02	616	19.85	185	824	0.700	6.8	1.000
021202	21:02	616	19.85	186	293	0.700	6.6	1.000
021203	00:02	616	19.97	185	560	0.620	6.1	0.900
021203	03:02	616	19.97	185	335	0.540	5.8	0.800
021203	06:02	616	19.81	185	593	0.320	6.0	0.475
021203	09:02	616	19.89	185	926	0.280	6.1	0.400
021203	12:02	616	19.97	185	629	0.240	6.5	0.350
021203	15:02	616	20.05	185	688	0.300	6.9	0.450
021203	18:02	616	19.97	186	28	0.340	6.7	0.500
021203	21:02	616	19.97	186	385	0.300	6.0	0.425
021204	00:02	616	19.89	186	143	0.400	5.1	0.575
021204	03:02	616	19.85	185	613	0.400	5.9	0.575
021204	06:02	616	19.64	185	590	0.440	4.7	0.650
021204	09:02	616	19.81	185	891	0.520	4.5	0.775
021204	12:02	616	19.68	185	714	0.500	4.3	0.750
021204	15:02	616	19.81	185	574	0.780	4.7	1.150
021204	18:02	616	19.72	186	95	0.560	5.5	0.800
021204	21:02	616	19.68	186	256	0.600	5.5	0.875
021205	00:02	616	19.64	186	133	0.580	5.5	0.850
021205	03:02	616	19.60	185	731	0.600	5.2	0.900
021205	06:02	616	19.48	185	511	0.500	5.6	0.750
021205	09:02	616	19.64	185	855	0.500	5.3	0.725
021205	12:02	616	19.72	185	767	0.520	5.7	0.750
021205	15:02	616	19.60	185	444	0.500	5.4	0.725
021205	18:02	616	19.36	185	665	0.420	5.3	0.625
021205	21:02	616	19.36	186	92	0.400	5.3	0.600
021206	00:02	616	19.72	186	17	0.360	5.0	0.550
021206	03:02	616	19.81	185	632	0.300	5.2	0.450
021206	06:02	616	19.77	185	392	0.260	4.9	0.375
021206	09:02	616	19.89	185	707	0.220	4.9	0.325
021206	12:02	616	19.97	185	745	0.220	4.9	0.325
021206	15:02	616	19.97	185	620	0.260	5.0	0.375
021206	18:02	616	19.97	185	814	0.260	4.6	0.400
021206	21:02	616	19.89	185	1009	0.380	4.4	0.575
021207	00:02	616	19.81	186	61	0.300	4.5	0.425
021207	03:02	616	19.68	185	524	0.340	4.2	0.525
021207	06:02	616	19.68	185	356	0.400	4.6	0.600
021207	09:02	616	19.72	185	436	0.480	4.4	0.725
021207	12:02	616	19.81	185	542	0.580	4.6	0.875
021207	15:02	616	19.77	185	539	0.620	4.8	0.900
021207	18:02	616	19.68	185	451	0.380	5.8	0.550
021207	21:02	616	19.56	186	188	0.400	5.4	0.575
021208	00:02	616	19.64	186	201	0.440	5.6	0.650
021208	03:02	616	19.64	185	586	0.400	5.5	0.575
021208	06:02	616	19.56	185	419	0.380	5.7	0.575
021208	09:02	616	19.64	185	418	0.380	6.1	0.550
021208	12:02	616	19.72	185	784	0.320	6.6	0.475
021208	15:02	616	19.77	185	762	0.300	6.3	0.425
021208	18:02	616	19.68	185	968	0.280	6.6	0.400
021208	21:02	616	19.56	186	63	0.260	6.4	0.375
021209	00:02	616	19.64	186	332	0.220	6.9	0.325
021209	03:02	616	19.56	186	54	0.220	4.7	0.325
021209	06:02	616	19.40	185	829	0.340	4.2	0.500
021209	09:02	616	19.48	185	822	0.380	4.0	0.575
021209	12:02	616	19.56	185	947	0.400	4.3	0.600
021209	15:02	616	19.56	186	201	0.440	4.4	0.650
021209	18:02	616	19.44	186	274	0.520	4.6	0.750
021209	21:02	616	19.32	186	502	0.460	4.4	0.675
021210	00:02	616	19.20	186	641	0.400	4.4	0.600
021210	03:02	616	19.28	186	388	0.360	4.3	0.525
021210	06:02	616	19.36	186	216	0.360	4.3	0.550
021210	09:02	616	19.40	186	347	0.360	4.2	0.525
021210	12:02	616	19.36	186	105	0.480	4.3	0.700
021210	15:02	616	19.28	186	297	0.340	4.2	0.500
021210	18:02	616	19.24	186	543	0.480	4.3	0.725
021210	21:02	616	19.20	186	627	0.420	4.3	0.625
021211	00:02	616	19.12	186	607	0.480	4.2	0.725
021211	03:02	616	19.08	186	492	0.360	4.2	0.550
021211	06:02	616	19.12	186	264	0.360	4.0	0.550
021211	09:02	616	19.24	186	393	0.360	3.9	0.550
021211	12:02	616	19.20	186	211	0.520	4.1	0.775
021211	15:02	616	19.12	186	347	0.420	4.0	0.650
021211	18:02	616	19.04	186	536	0.340	3.9	0.525
021211	21:02	616	18.92	186	504	0.420	3.8	0.625
021212	00:02	616	18.92	186	484	0.240	3.8	0.350
021212	03:02	616	18.96	186	434	0.160	3.7	0.250
021212	06:02	616	18.96	186	497	0.200	3.7	0.300
021212	09:02	616	19.00	186	422	0.220	3.5	0.325
021212	12:02	616	19.04	186	306	0.140	3.8	0.200
021212	15:02	616	19.08	186	361	0.180	3.4	0.250
021212	18:02	616	19.04	186	448	0.200	3.6	0.325
021212	21:02	616	19.04	186	462	0.180	3.6	0.250
021213	00:02	616	19.04	186	500	0.300	3.7	0.475
021213	03:02	616	19.00	186	507	0.260	4.0	0.400
021213	06:02	616	18.84	186	571	0.500	3.8	0.750
021213	09:02	616	18.96	186	334	0.600	4.2	0.900
021213	12:02	616	18.96	186	24	0.520	4.1	0.775
021213	15:02	616	18.92	186	118	0.720	4.3	1.075
021213	18:02	616	18.63	186	435	0.480	4.4	0.725
021213	21:02	616	18.76	186	383	0.400	4.7	0.575
021214	00:02	616	18.92	185	973	0.280	4.9	0.400
021214	03:02	616	18.84	185	848	0.220	4.8	0.325
021214	06:02	616	18.63	185	916	0.160	5.5	0.225
021214	09:02	616	18.71	185	725	0.140	5.9	0.200
021214	12:02	616	18.92	185	323	0.140	6.4	0.200
021214	15:02	616	19.00	185	602	0.140	6.0	0.200
021214	18:02	616	18.96	185	911	0.200	4.3	0.300
021214	21:02	616	19.00	185	890	0.240	4.1	0.350
021215	00:02	616	19.00	185	654	0.280	4.1	0.400
021215	03:02	616	19.00	185	591	0.200	4.4	0.300
021215	06:02	616	18.96	185	868	0.220	4.3	0.325
021215	09:02	616	18.92	185	926	0.280	4.2	0.425
021215	12:02	616	19.04	185	609	0.280	4.2	0.425
021215	15:02	616	19.04	185	797	0.320	4.3	0.475
021215	18:02	616	18.96	186	222	0.400	4.6	0.575
021215	21:02	616	18.92	186	310	0.420	5.0	0.600
021216	00:02	616	18.76	186	44	0.360	4.8	0.525
021216	03:02	616	18.63	185	886	0.380	4.8	0.550
021216	06:02	616	18.67	186	44	0.360	5.0	0.525
021216	09:02	616	18.92	186	174	0.360	5.1	0.525
021216	12:02	616	19.00	185	828	0.340	5.2	0.500
021216	15:02	616	19.04	185	919	0.320	5.5	0.450
021216	18:02	616	19.00	186	162	0.320	6.5	0.475
021216	21:02	616	18.84	186	205	0.340	6.9	0.500
021217	00:02	616	18.84	185	878	0.340	6.5	0.500
021217	03:02	616	18.84	185	440	0.280	6.6	0.425
021217	06:02	616	18.67	185	725	0.220	6.8	0.325
021217	09:02	616	18.80	185	827	0.300	6.2	0.425
021217	12:02	616	18.76	185	459	0.360	4.9	0.525
021217	15:02	616	18.80	185	395	0.380	5.2	0.550
021217	18:02	616	18.76	185	803	0.340	6.1	0.475
021217	21:02	616	18.71	185	979	0.300	5.0	0.450
021218	00:02	616	18.63	185	492	0.260	6.0	0.375
021218	03:02	616	18.51	185	216	0.280	6.3	0.400
021218	06:02	616	18.59	185	398	0.200	6.1	0.275
021218	09:02	616	18.47	185	544	0.240	5.5	0.350
021218	12:02	616	18.76	185	145	0.160	5.6	0.250
021218	15:02	616	18.76	185	111	0.160	5.8	0.250
021218	18:02	616	18.67	185	544	0.160	4.7	0.250
021218	21:02	616	18.63	185	861	0.100	5.7	0.125
021219	00:02	616	18.71	185	532	0.100	5.8	0.150
021219	03:02	616	18.71	185	73	0.120	6.1	0.175
021219	06:02	616	18.71	185	180	0.080	6.0	0.125
021219	09:02	616	18.84	185	575	0.100	6.4	0.125
021219	12:02	616	18.80	185	240	0.160	6.1	0.250
021219	15:02	616	18.71	185	176	0.380	4.2	0.550
021219	18:02	616	18.63	185	675	0.360	4.3	0.550
021219	21:02	616	18.47	185	1023	0.420	4.2	0.650
021220	00:02	616	18.43	185	659	0.360	4.5	0.550
021220	03:02	616	18.55	185	442	0.300	4.6	0.450
021220	06:02	616	18.51	185	564	0.460	4.3	0.700
021220	09:02	616	18.55	185	861	0.440	4.1	0.650
021220	12:02	616	18.55	185	664	0.480	4.1	0.725
021220	15:02	616	18.43	185	559	0.420	4.3	0.625
021220	18:02	616	18.31	185	857	0.460	4.2	0.675
021220	21:02	616	18.23	186	65	0.400	4.5	0.575
021221	00:02	616	18.27	186	138	0.320	4.2	0.500
021221	03:02	616	18.23	185	540	0.340	4.2	0.525
021221	06:02	616	18.23	185	412	0.360	4.2	0.550
021221	09:02	616	18.23	185	706	0.320	4.2	0.475
021221	12:02	616	18.31	185	823	0.320	4.2	0.475
021221	15:02	616	18.31	185	744	0.280	4.2	0.425
021221	18:02	616	18.11	185	672	0.280	4.3	0.425
021221	21:02	616	18.11	186	32	0.200	4.3	0.275
021222	00:02	616	18.03	185	961	0.200	4.4	0.275
021222	03:02	616	17.95	185	433	0.140	5.5	0.200
021222	06:02	616	18.03	185	304	0.120	6.3	0.175
021222	09:02	616	18.11	185	512	0.120	5.4	0.175
021222	12:02	616	18.11	185	515	0.120	6.0	0.175
021222	15:02	616	18.07	185	278	0.100	6.1	0.150
021222	18:02	616	17.87	185	386	0.100	6.1	0.150
021222	21:02	616	17.91	185	673	0.100	5.5	0.150
021223	00:02	616	17.99	185	626	0.120	4.2	0.175
021223	03:02	616	17.91	185	218	0.080	4.7	0.125
021223	06:02	616	17.95	184	972	0.080	5.3	0.125
021223	09:02	616	17.95	184	1009	0.100	5.5	0.125
021223	12:02	616	18.03	184	982	0.080	5.0	0.125
021223	15:02	616	18.03	184	872	0.060	5.6	0.100
021223	18:02	616	17.99	184	942	0.060	5.4	0.100
021223	21:02	616	17.91	185	210	0.060	5.4	0.075
021224	00:02	616	17.91	185	293	0.080	5.1	0.125
021224	03:02	616	17.91	185	38	0.060	5.2	0.100
021224	06:02	616	17.87	184	767	0.060	4.9	0.100
021224	09:02	616	17.95	184	854	0.060	4.9	0.075
021224	12:02	616	18.07	184	872	0.060	4.7	0.100
021224	15:02	616	18.07	184	905	0.120	3.8	0.200
021224	18:02	616	17.99	185	65	0.220	3.7	0.325
021224	21:02	616	17.95	185	340	0.100	4.1	0.150
021225	00:02	616	17.87	185	466	0.140	3.7	0.200
021225	03:02	616	17.79	185	215	0.120	4.3	0.175
021225	06:02	616	17.66	185	19	0.100	4.6	0.150
021225	09:02	616	17.87	185	104	0.100	4.8	0.150
021225	12:02	616	18.03	185	172	0.100	4.1	0.150
021225	15:02	616	18.11	185	329	0.100	4.3	0.175
021225	18:02	616	18.11	185	297	0.100	4.3	0.150
021225	21:02	616	18.11	185	434	0.100	3.9	0.175
021226	00:02	616	18.11	185	685	0.300	3.9	0.450
021226	03:02	616	17.83	185	567	0.840	4.2	1.250
021226	06:02	616	17.66	185	342	1.060	4.6	1.575
021226	09:02	616	17.66	185	185	1.060	4.8	1.575
021226	12:02	616	17.62	185	244	0.740	4.7	1.100
021226	15:02	616	17.75	185	511	0.700	4.6	1.050
021226	18:02	616	17.62	185	579	0.720	4.5	1.050
021226	21:02	616	17.58	185	530	0.680	4.4	1.025
021227	00:02	616	17.54	185	542	0.640	4.5	0.975
021227	03:02	616	17.58	185	646	0.500	4.6	0.750
021227	06:02	616	17.62	185	436	0.380	4.5	0.575
021227	09:02	616	17.66	185	344	0.420	4.3	0.625
021227	12:02	616	17.75	185	252	0.520	4.6	0.775
021227	15:02	616	17.70	185	366	0.460	4.3	0.700
021227	18:02	616	17.66	185	574	0.460	4.4	0.700
021227	21:02	616	17.50	185	291	0.480	5.2	0.700
021228	00:02	616	17.42	185	35	0.620	5.7	0.900
021228	03:02	616	17.38	185	268	0.400	5.6	0.575
021228	06:02	616	17.30	185	326	0.360	6.0	0.525
021228	09:02	616	17.42	185	190	0.460	7.0	0.650
021228	12:02	616	17.66	185	243	0.460	7.1	0.675
021228	15:02	616	17.83	185	525	0.420	7.1	0.600
021228	18:02	616	17.83	185	757	0.380	6.5	0.550
021228	21:02	616	17.70	185	750	0.440	7.1	0.625
021229	00:02	616	17.62	185	718	0.300	6.1	0.450
021229	03:02	616	17.62	185	763	0.400	6.7	0.575
021229	06:02	616	17.58	186	22	0.460	5.3	0.675
021229	09:02	616	17.58	185	976	0.540	4.6	0.825
021229	12:02	616	17.66	185	789	0.660	4.8	0.975
021229	15:02	616	17.70	185	928	0.660	5.8	0.950
021229	18:02	616	17.70	186	490	0.500	5.2	0.725
021229	21:02	616	17.62	186	416	0.440	5.5	0.650
021230	00:02	616	17.54	186	112	0.420	5.5	0.600
021230	03:02	616	17.54	185	929	0.360	5.5	0.525
021230	06:02	616	17.50	186	12	0.200	5.5	0.300
021230	09:02	616	17.58	186	190	0.180	5.7	0.275
021230	12:02	616	17.70	185	603	0.160	6.9	0.250
021230	15:02	616	17.75	185	670	0.200	7.8	0.275
021230	18:02	616	17.70	186	151	0.200	8.1	0.275
021230	21:02	616	17.62	186	199	0.180	6.5	0.275
021231	00:02	616	17.50	185	736	0.160	7.0	0.225
021231	03:02	616	17.50	185	532	0.140	6.6	0.200
021231	06:02	616	17.50	185	585	0.120	5.7	0.175
021231	09:02	616	17.54	185	751	0.120	5.7	0.175
021231	12:02	616	18.07	185	589	0.120	5.4	0.175
021231	15:02	616	18.11	185	500	0.120	5.3	0.175
021231	18:02	616	18.03	186	117	0.140	5.6	0.200
021231	21:02	616	17.95	186	467	0.140	4.3	0.225
030101	00:02	616	17.91	186	209	0.140	4.9	0.200
030101	03:02	616	17.87	185	952	0.280	4.7	0.400
030101	06:02	616	17.70	186	123	0.320	5.9	0.475
030101	09:02	616	17.87	186	354	0.260	5.5	0.375
030101	12:02	616	17.95	186	275	0.200	5.6	0.300
030101	15:02	616	17.87	186	207	0.220	6.0	0.325
030101	18:02	616	17.83	186	576	0.220	6.3	0.325
030101	21:02	616	17.79	186	869	0.280	6.1	0.400
030102	00:02	616	17.66	186	328	0.260	7.3	0.350
030102	03:02	616	17.58	186	2	0.260	7.0	0.375
030102	06:02	616	17.50	186	136	0.280	7.5	0.400
030102	09:02	616	17.58	186	335	0.240	7.2	0.350
030102	12:02	616	17.70	186	187	0.200	7.2	0.300
030102	15:02	616	17.75	186	10	0.240	6.5	0.350
030102	18:02	616	17.66	186	538	0.400	4.4	0.575
030102	21:02	616	17.62	186	550	0.200	5.4	0.300
030103	00:02	616	17.46	186	402	0.240	6.1	0.350
030103	03:02	616	17.46	185	772	0.160	7.5	0.225
030103	06:02	616	17.38	185	742	0.100	7.3	0.150
030103	09:02	616	17.46	186	30	0.120	6.5	0.175
030103	12:02	616	17.50	186	27	0.100	6.3	0.150
030103	15:02	616	17.58	185	837	0.120	5.4	0.175
030103	18:02	616	17.50	186	182	0.120	5.6	0.175
030103	21:02	616	17.50	186	476	0.100	6.2	0.150
030104	00:02	616	17.50	186	257	0.160	6.1	0.225
030104	03:02	616	17.50	185	806	0.180	6.0	0.250
030104	06:02	616	17.46	185	707	0.140	5.9	0.225
030104	09:02	616	17.42	185	867	0.140	5.4	0.200
030104	12:02	616	17.54	185	673	0.140	6.0	0.200
030104	15:02	616	17.58	185	611	0.120	6.0	0.175
030104	18:02	616	17.58	185	605	0.120	6.4	0.175
030104	21:02	616	17.54	185	837	0.100	5.7	0.150
030105	00:02	616	17.50	185	861	0.120	5.5	0.175
030105	03:02	616	17.46	185	350	0.140	5.2	0.200
030105	06:02	616	17.42	185	240	0.160	4.9	0.250
030105	09:02	616	17.46	185	512	0.120	4.6	0.200
030105	12:02	616	17.58	185	516	0.120	4.8	0.175
030105	15:02	616	17.62	185	459	0.120	4.8	0.175
030105	18:02	616	17.62	185	748	0.140	4.7	0.225
030105	21:02	616	17.54	185	998	0.140	4.7	0.225
030106	00:02	616	17.50	186	18	0.100	5.0	0.175
030106	03:02	616	17.38	185	727	0.100	4.9	0.150
030106	06:02	616	17.34	185	608	0.080	5.0	0.125
030106	09:02	616	17.50	185	815	0.100	5.0	0.150
030106	12:02	616	17.58	185	683	0.080	5.2	0.100
030106	15:02	616	17.58	185	526	0.080	5.0	0.125
030106	18:02	616	17.50	185	682	0.080	4.7	0.125
030106	21:02	616	17.50	185	824	0.080	4.7	0.125
030107	00:02	616	17.46	185	862	0.100	5.1	0.150
030107	03:02	616	17.42	185	643	0.100	4.8	0.150
030107	06:02	616	17.42	185	596	0.140	3.9	0.200
030107	09:02	616	17.50	185	956	0.420	3.6	0.625
030107	12:02	616	17.62	186	240	0.580	3.8	0.850
030107	15:02	616	17.66	186	313	0.400	4.0	0.600
030107	18:02	616	17.83	186	497	0.360	4.2	0.525
030107	21:02	616	17.50	186	682	0.360	4.6	0.550
030108	00:02	616	17.50	186	773	0.300	4.9	0.425
030108	03:02	616	17.50	186	602	0.180	5.0	0.275
030108	06:02	616	17.50	186	325	0.120	4.7	0.175
030108	09:02	616	17.54	186	170	0.120	5.1	0.175
030108	12:02	616	17.70	186	147	0.100	5.1	0.150
030108	15:02	616	17.75	186	144	0.120	5.3	0.175
030108	18:02	616	17.34	186	260	0.100	5.8	0.150
030108	21:02	616	17.34	186	391	0.100	6.6	0.150
030109	00:02	616	17.22	186	393	0.120	6.0	0.175
030109	03:02	616	17.26	186	282	0.120	6.0	0.175
030109	06:02	616	17.18	186	126	0.120	5.6	0.175
030109	09:02	616	17.30	186	74	0.100	4.8	0.150
030109	12:02	616	17.50	185	932	0.140	3.9	0.225
030109	15:02	616	17.50	186	20	0.180	4.1	0.250
030109	18:02	616	17.42	186	41	0.160	4.0	0.225
030109	21:02	616	17.42	186	282	0.300	3.8	0.450
030110	00:02	616	17.38	186	446	0.460	3.8	0.700
030110	03:02	616	17.30	186	393	0.540	4.2	0.800
030110	06:02	616	17.34	186	249	0.540	4.3	0.800
030110	09:02	616	17.38	186	155	0.520	4.6	0.775
030110	12:02	616	17.54	185	962	0.600	4.8	0.900
030110	15:02	616	17.50	186	1	0.620	5.1	0.900
030110	18:02	616	17.58	186	53	0.800	4.5	1.175
030110	21:02	616	17.54	185	951	1.000	4.7	1.475
030111	00:02	616	17.46	185	718	1.300	5.4	1.875
030111	03:02	616	17.42	185	465	1.420	5.3	2.075
030111	06:02	616	17.30	185	11	1.460	5.0	2.125
030111	09:02	616	17.34	185	151	1.480	5.7	2.150
030111	12:02	616	17.50	185	55	1.400	5.8	2.025
030111	15:02	616	17.50	185	60	1.600	5.3	2.350
030111	18:02	616	17.42	185	672	1.280	5.5	1.875
030111	21:02	616	17.46	186	63	1.000	6.1	1.425
030112	00:02	616	17.46	185	1006	0.800	6.5	1.150
030112	03:02	616	17.54	186	43	0.620	6.2	0.900
030112	06:02	616	17.50	186	170	0.480	6.5	0.675
030112	09:02	616	17.46	186	511	0.460	6.5	0.650
030112	12:02	616	17.50	186	331	0.480	7.1	0.700
030112	15:02	616	17.50	186	546	0.480	6.8	0.675
030112	18:02	616	17.50	186	686	0.480	7.1	0.675
030112	21:02	616	17.46	186	978	0.360	6.6	0.525
030113	00:02	616	17.34	186	580	0.360	7.3	0.500
030113	03:02	616	17.26	186	570	0.320	7.5	0.475
030113	06:02	616	17.22	186	829	0.360	6.6	0.500
030113	09:02	616	17.26	186	699	0.280	5.1	0.400
030113	12:02	616	17.50	186	525	0.240	5.9	0.350
030113	15:02	616	17.54	186	567	0.240	6.4	0.350
030113	18:02	616	17.50	186	691	0.280	4.8	0.400
030113	21:02	616	17.50	186	644	0.260	4.8	0.375
030114	00:02	616	17.38	186	259	0.240	5.1	0.350
030114	03:02	616	17.34	186	149	0.160	4.8	0.225
030114	06:02	616	17.22	186	284	0.180	4.1	0.275
030114	09:02	616	17.26	186	595	0.120	4.7	0.175
030114	12:02	616	17.30	186	201	0.100	5.8	0.150
030114	15:02	616	17.34	186	301	0.060	5.8	0.100
030114	18:02	616	17.22	186	604	0.080	4.8	0.125
030114	21:02	616	17.06	186	558	0.080	4.6	0.125
030115	00:02	616	17.02	186	7	0.320	3.9	0.475
030115	03:02	616	17.18	185	769	0.280	4.1	0.425
030115	06:02	616	17.22	185	945	0.280	3.9	0.400
030115	09:02	616	17.26	186	105	0.180	4.2	0.250
030115	12:02	616	17.42	185	722	0.100	4.6	0.175
030115	15:02	616	17.38	185	666	0.180	3.9	0.275
030115	18:02	616	17.34	185	958	0.240	4.2	0.375
030115	21:02	616	17.22	185	945	0.200	4.1	0.300
030116	00:02	616	17.10	185	522	0.160	4.1	0.250
030116	03:02	616	17.02	185	12	0.160	4.2	0.250
030116	06:02	616	16.98	185	148	0.120	4.4	0.175
030116	09:02	616	17.14	185	161	0.140	4.0	0.200
030116	12:02	616	17.30	184	767	0.120	4.2	0.175
030116	15:02	616	17.30	184	711	0.100	5.2	0.125
030116	18:02	616	17.26	184	901	0.100	5.5	0.125
030116	21:02	616	17.22	185	231	0.080	6.0	0.125
030117	00:02	616	17.18	184	707	0.080	5.8	0.125
030117	03:02	616	17.10	184	233	0.060	5.7	0.100
030117	06:02	616	17.18	184	353	0.120	4.1	0.175
030117	09:02	616	17.26	184	547	0.100	5.1	0.150
030117	12:02	616	17.38	184	37	0.100	5.4	0.150
030117	15:02	616	17.26	183	728	0.100	5.6	0.150
030117	18:02	616	17.26	184	64	0.220	3.6	0.325
030117	21:02	616	17.22	184	459	0.240	3.5	0.350
030118	00:02	616	17.18	184	256	0.120	3.9	0.175
030118	03:02	616	17.18	184	47	0.200	3.5	0.300
030118	06:02	616	17.10	183	887	0.220	3.8	0.325
030118	09:02	616	17.14	184	118	0.160	3.9	0.250
030118	12:02	616	17.18	183	959	0.140	4.1	0.200
030118	15:02	616	17.18	183	1023	0.260	3.5	0.400
030118	18:02	616	17.10	184	138	0.300	3.5	0.450
030118	21:02	616	17.10	184	516	0.460	4.1	0.675
030119	00:02	616	17.06	184	299	0.380	4.3	0.575
030119	03:02	616	17.10	183	956	0.380	4.7	0.550
030119	06:02	616	17.02	183	754	0.380	4.4	0.550
030119	09:02	616	17.02	184	36	0.280	4.6	0.400
030119	12:02	616	17.18	183	1018	0.240	4.9	0.350
030119	15:02	616	17.22	183	839	0.280	5.6	0.400
030119	18:02	616	17.18	183	974	0.220	5.4	0.325
030119	21:02	616	17.06	184	323	0.160	5.6	0.250
030120	00:02	616	16.98	184	488	0.160	6.7	0.225
030120	03:02	616	16.90	183	696	0.140	6.6	0.225
030120	06:02	616	16.90	183	638	0.140	6.3	0.200
030120	09:02	616	16.90	183	874	0.120	5.2	0.175
030120	12:02	616	17.02	183	992	0.140	4.8	0.225
030120	15:02	616	17.06	183	985	0.180	4.7	0.275
030120	18:02	616	17.02	183	943	0.220	4.4	0.325
030120	21:02	616	16.98	184	341	0.200	4.2	0.325
030121	00:02	616	16.90	184	398	0.200	4.0	0.300
030121	03:02	616	16.82	183	1013	0.180	4.4	0.275
030121	06:02	616	16.86	183	760	0.180	4.8	0.275
030121	09:02	616	16.98	184	7	0.240	5.1	0.375
030121	12:02	616	17.14	184	26	0.240	5.3	0.350
030121	15:02	616	17.06	184	93	0.300	6.9	0.425
030121	18:02	616	17.02	183	1000	0.260	6.8	0.375
030121	21:02	616	17.10	184	280	0.300	6.3	0.425
030122	00:02	616	16.94	184	463	0.320	6.4	0.450
030122	03:02	616	16.94	184	115	0.280	6.3	0.400
030122	06:02	616	16.90	184	115	0.320	6.5	0.450
030122	09:02	616	17.02	184	500	0.360	6.8	0.500
030122	12:02	616	17.22	184	671	0.320	6.3	0.475
030122	15:02	616	17.22	184	754	0.320	6.4	0.450
030122	18:02	616	17.22	184	719	0.280	6.1	0.400
030122	21:02	616	17.10	184	909	0.320	6.5	0.450
030123	00:02	616	17.06	185	176	0.220	5.9	0.300
030123	03:02	616	16.98	184	1000	0.280	6.2	0.400
030123	06:02	616	17.02	184	830	0.300	6.2	0.425
030123	09:02	616	17.06	184	923	0.240	6.2	0.350
030123	12:02	616	17.14	185	71	0.260	6.5	0.375
030123	15:02	616	17.14	185	65	0.200	6.2	0.275
030123	18:02	616	17.14	185	116	0.180	5.9	0.275
030123	21:02	616	17.10	185	315	0.200	5.9	0.300
030124	00:02	616	17.06	185	514	0.180	5.9	0.250
030124	03:02	616	17.06	185	471	0.160	5.5	0.225
030124	06:02	616	17.02	185	424	0.140	5.5	0.200
030124	09:02	616	17.06	185	324	0.200	5.4	0.275
030124	12:02	616	17.06	185	357	0.220	4.0	0.325
030124	15:02	616	17.06	185	313	0.240	4.3	0.350
030124	18:02	616	17.02	185	445	0.300	3.9	0.450
030124	21:02	616	16.94	185	392	0.520	3.8	0.775
030125	00:02	616	16.82	185	525	0.440	4.1	0.650
030125	03:02	616	16.90	185	495	0.420	4.2	0.625
030125	06:02	616	16.90	185	379	0.600	4.2	0.900
030125	09:02	616	16.90	185	310	0.580	4.3	0.875
030125	12:02	616	16.90	185	193	0.660	4.4	0.975
030125	15:02	616	16.98	185	337	0.660	4.3	1.000
030125	18:02	616	17.02	185	439	0.760	4.6	1.125
030125	21:02	616	17.02	185	353	1.200	5.0	1.750
030126	00:02	616	16.98	185	264	1.400	5.2	2.050
030126	03:02	616	16.98	185	37	1.460	5.3	2.125
030126	06:02	616	16.94	184	850	1.700	5.6	2.475
030126	09:02	616	16.90	184	839	1.500	5.4	2.200
030126	12:02	616	16.90	184	529	1.100	6.0	1.600
030126	15:02	616	16.94	184	758	0.900	6.3	1.300
030126	18:02	616	17.02	184	1020	0.800	6.0	1.150
030126	21:02	616	16.90	185	172	0.680	5.9	0.975
030127	00:02	616	16.82	185	68	0.680	6.1	0.975
030127	03:02	616	16.90	184	767	0.600	5.7	0.875
030127	06:02	616	16.86	184	927	0.540	5.8	0.775
030127	09:02	616	16.78	184	945	0.440	5.8	0.625
030127	12:02	616	16.94	184	931	0.380	6.1	0.550
030127	15:02	616	17.06	185	284	0.480	6.3	0.700
030127	18:02	616	16.98	185	609	0.540	5.1	0.775
030127	21:02	616	16.98	185	505	0.540	5.2	0.800
030128	00:02	616	16.86	185	355	0.520	5.4	0.750
030128	03:02	616	16.90	185	278	0.480	5.1	0.700
030128	06:02	616	16.82	185	265	0.420	4.9	0.600
030128	09:02	616	16.90	185	516	0.520	4.8	0.750
030128	12:02	616	16.98	185	427	0.500	4.9	0.750
030128	15:02	616	16.94	185	373	0.520	4.4	0.775
030128	18:02	616	16.86	185	553	0.400	4.9	0.575
030128	21:02	616	16.82	185	689	0.320	5.0	0.450
030129	00:02	616	16.65	185	220	0.200	5.4	0.300
030129	03:02	616	16.69	185	21	0.160	5.7	0.225
030129	06:02	616	16.78	185	229	0.160	6.0	0.225
030129	09:02	616	16.98	185	466	0.120	6.4	0.175
030129	12:02	616	17.14	185	367	0.100	6.1	0.150
030129	15:02	616	17.14	185	216	0.080	6.2	0.125
030129	18:02	616	17.06	185	475	0.080	5.7	0.100
030129	21:02	616	17.02	185	642	0.080	5.1	0.125
030130	00:02	616	16.98	185	356	0.100	5.3	0.150
030130	03:02	616	16.94	185	122	0.120	5.1	0.175
030130	06:02	616	16.90	185	395	0.120	5.3	0.200
030130	09:02	616	16.94	185	625	0.140	5.4	0.200
030130	12:02	616	17.06	185	319	0.180	4.5	0.275
030130	15:02	616	17.02	185	148	0.280	4.6	0.400
030130	18:02	616	16.94	185	80	0.360	4.9	0.525
030130	21:02	616	16.90	185	328	0.320	4.4	0.475
030131	00:02	616	16.86	185	50	0.340	4.6	0.525
030131	03:02	616	16.86	184	604	0.400	4.5	0.600
030131	06:02	616	16.82	184	661	0.620	4.6	0.900
030131	09:02	616	16.90	185	11	0.640	5.1	0.950
030131	12:02	616	16.94	184	1003	0.560	5.7	0.800
030131	15:02	616	16.94	184	772	0.440	6.3	0.650
030131	18:02	616	16.90	185	148	0.400	5.8	0.600
030131	21:02	616	16.69	185	373	0.500	5.9	0.725
030201	00:02	616	16.78	185	370	0.500	5.9	0.725
030201	03:02	616	16.74	184	996	0.360	6.0	0.525
030201	06:02	616	16.78	185	39	0.360	5.7	0.525
030201	09:02	616	16.86	185	312	0.320	4.4	0.475
030201	12:02	616	16.94	185	281	0.580	4.2	0.875
030201	15:02	616	16.90	185	248	0.740	4.5	1.100
030201	18:02	616	16.86	185	398	0.420	5.2	0.625
030201	21:02	616	16.74	186	159	0.300	6.5	0.450
030202	00:02	616	16.69	185	806	0.420	6.7	0.625
030202	03:02	616	16.41	185	602	0.380	7.8	0.550
030202	06:02	616	16.57	185	354	0.400	8.2	0.550
030202	09:02	616	16.65	185	525	0.420	8.7	0.575
030202	12:02	616	16.69	185	777	0.420	8.6	0.600
030202	15:02	616	16.78	185	278	0.400	8.9	0.550
030202	18:02	616	16.74	185	635	0.400	7.7	0.575
030202	21:02	616	16.57	186	3	0.400	8.3	0.575
030203	00:02	616	16.78	185	855	0.360	7.8	0.525
030203	03:02	616	16.69	185	357	0.320	8.1	0.450
030203	06:02	616	16.69	185	470	0.320	7.7	0.450
030203	09:02	616	16.82	185	717	0.260	7.2	0.350
030203	12:02	616	16.90	185	498	0.200	7.2	0.300
030203	15:02	616	16.90	185	388	0.160	7.3	0.250
030203	18:02	616	16.82	185	347	0.160	7.2	0.225
030203	21:02	616	16.65	185	689	0.160	7.8	0.225
030204	00:02	616	16.49	185	604	0.160	6.7	0.250
030204	03:02	616	16.57	184	999	0.200	6.7	0.300
030204	06:02	616	16.49	184	702	0.180	6.7	0.250
030204	09:02	616	16.65	184	657	0.140	6.7	0.200
030204	12:02	616	16.86	184	567	0.140	6.9	0.200
030204	15:02	616	16.86	184	339	0.180	6.5	0.250
030204	18:02	616	16.78	184	344	0.120	5.4	0.175
030204	21:02	616	16.69	184	760	0.140	5.0	0.225
030205	00:02	616	16.69	184	845	0.160	4.9	0.225
030205	03:02	616	16.69	184	602	0.200	4.9	0.300
030205	06:02	616	16.61	184	418	0.360	4.6	0.525
030205	09:02	616	16.74	184	708	0.500	5.6	0.725
030205	12:02	616	16.86	184	921	0.620	5.6	0.900
030205	15:02	616	16.86	185	34	0.760	5.4	1.125
030205	18:02	616	16.78	185	199	0.660	5.8	0.950
030205	21:02	616	16.78	185	790	0.540	6.1	0.800
030206	00:02	616	16.78	185	993	0.480	6.5	0.675
030206	03:02	616	16.69	185	436	0.500	6.9	0.725
030206	06:02	616	16.65	185	525	0.500	6.9	0.700
030206	09:02	616	16.65	185	275	0.420	6.9	0.600
030206	12:02	616	16.69	185	169	0.360	6.6	0.525
030206	15:02	616	16.65	185	333	0.360	7.2	0.500
030206	18:02	616	16.61	185	732	0.300	6.4	0.425
030206	21:02	616	16.49	185	874	0.260	6.2	0.400
030207	00:02	616	16.57	185	968	0.240	5.6	0.350
030207	03:02	616	16.57	185	778	0.200	6.8	0.275
030207	06:02	616	16.57	185	609	0.220	7.9	0.300
030207	09:02	616	16.57	185	738	0.180	6.6	0.275
030207	12:02	616	16.74	186	23	0.200	7.0	0.275
030207	15:02	616	16.61	185	819	0.300	7.6	0.425
030207	18:02	616	16.57	186	149	0.280	8.0	0.400
030207	21:02	616	16.25	186	31	0.280	8.3	0.400
030208	00:02	616	16.05	185	902	0.280	7.9	0.400
030208	03:02	616	16.09	185	943	0.180	8.4	0.250
030208	06:02	616	15.89	185	537	0.220	8.0	0.300
030208	09:02	616	16.37	185	749	0.180	6.8	0.250
030208	12:02	616	16.45	185	837	0.140	7.6	0.200
030208	15:02	616	16.29	185	509	0.160	8.3	0.225
030208	18:02	616	16.25	185	542	0.120	7.2	0.175
030208	21:02	616	16.25	185	497	0.120	6.6	0.150
030209	00:02	616	16.29	185	554	0.120	6.8	0.175
030209	03:02	616	16.29	185	340	0.120	6.6	0.175
030209	06:02	616	16.45	185	222	0.120	6.4	0.175
030209	09:02	616	16.33	185	228	0.120	5.8	0.175
030209	12:02	616	16.69	185	113	0.100	6.1	0.150
030209	15:02	616	16.69	185	24	0.100	5.9	0.125
030209	18:02	616	16.61	185	221	0.100	5.7	0.150
030209	21:02	616	16.49	185	95	0.100	5.3	0.150
030210	00:02	616	16.45	185	141	0.080	5.2	0.125
030210	03:02	616	16.57	184	969	0.080	5.8	0.125
030210	06:02	616	16.53	184	1009	0.080	5.4	0.125
030210	09:02	616	16.49	184	909	0.080	5.5	0.125
030210	12:02	616	16.69	184	784	0.100	4.6	0.150
030210	15:02	616	16.69	184	763	0.200	3.6	0.300
030210	18:02	616	16.65	184	1005	0.320	3.8	0.475
030210	21:02	616	16.65	184	1018	0.280	3.9	0.425
030211	00:02	616	16.65	184	860	0.200	3.9	0.300
030211	03:02	616	16.57	184	678	0.200	3.9	0.300
030211	06:02	616	16.49	184	723	0.340	4.4	0.500
030211	09:02	616	16.45	184	846	0.300	4.9	0.450
030211	12:02	616	16.49	184	746	0.340	4.9	0.500
030211	15:02	616	16.49	184	814	0.340	5.2	0.500
030211	18:02	616	16.37	185	58	0.340	5.0	0.500
030211	21:02	616	16.49	185	18	0.420	4.8	0.625
030212	00:02	616	16.41	184	846	0.400	4.7	0.600
030212	03:02	616	16.49	184	635	0.340	4.4	0.525
030212	06:02	616	16.33	184	701	0.360	4.1	0.525
030212	09:02	616	16.45	184	806	0.260	4.3	0.375
030212	12:02	616	16.53	184	569	0.300	5.1	0.450
030212	15:02	616	16.53	184	575	0.360	5.2	0.550
030212	18:02	616	16.49	184	1006	0.400	4.6	0.575
030212	21:02	616	16.41	184	987	0.520	5.1	0.775
030213	00:02	616	16.33	184	850	0.480	5.9	0.700
030213	03:02	616	16.29	184	493	0.480	5.6	0.700
030213	06:02	616	16.13	184	697	0.540	5.6	0.775
030213	09:02	616	16.29	184	512	0.700	6.9	1.000
030213	12:02	616	16.33	184	628	0.540	6.1	0.775
030213	15:02	616	16.37	184	719	0.500	6.9	0.700
030213	18:02	616	16.25	185	37	0.520	5.6	0.775
030213	21:02	616	16.25	185	212	0.380	5.6	0.550
030214	00:02	616	16.21	184	752	0.480	5.6	0.700
030214	03:02	616	16.05	184	503	0.420	5.6	0.600
030214	06:02	616	15.97	184	633	0.420	4.8	0.600
030214	09:02	616	16.25	184	844	0.400	5.0	0.600
030214	12:02	616	16.29	184	654	0.440	5.1	0.650
030214	15:02	616	16.25	184	507	0.400	4.5	0.600
030214	18:02	616	16.25	184	848	0.400	4.4	0.575
030214	21:02	616	16.09	185	308	0.400	4.2	0.600
030215	00:02	616	16.01	184	968	0.380	4.1	0.575
030215	03:02	616	16.13	184	551	0.320	4.2	0.475
030215	06:02	616	16.13	184	606	0.320	4.0	0.475
