030216	02:36	616	16.17	184	231	0.720	3.9	1.100
030216	05:36	616	16.13	183	1001	0.780	4.4	1.150
030216	08:36	616	16.25	184	547	1.400	5.1	2.050
030216	11:36	616	16.37	184	368	1.660	5.6	2.425
030216	14:36	616	16.45	183	765	1.760	5.8	2.550
030216	17:36	616	16.41	184	190	1.880	5.6	2.750
030216	20:36	616	16.41	184	642	1.900	5.6	2.750
030216	23:36	616	16.45	184	607	1.500	5.7	2.175
030217	02:36	616	16.41	183	710	2.000	5.9	2.900
030217	05:36	616	16.41	183	925	2.000	5.8	2.900
030217	08:36	616	16.41	183	585	2.220	6.1	3.200
030217	11:36	616	16.41	182	911	2.380	6.5	3.425
030217	14:36	616	16.37	183	339	2.480	6.5	3.575
030217	17:36	616	16.37	182	260	2.460	6.6	3.550
030217	20:36	616	16.41	183	669	2.280	6.8	3.275
030217	23:36	616	16.49	184	140	2.120	7.4	3.025
030218	02:36	616	16.49	183	922	1.600	7.7	2.250
030218	05:36	616	16.53	183	547	1.340	7.6	1.900
030218	08:36	616	16.53	183	555	1.140	8.3	1.600
030218	11:36	616	16.57	184	160	0.680	8.0	0.975
030218	14:36	616	16.49	183	833	0.500	8.2	0.700
030218	17:36	616	16.37	183	817	0.440	8.1	0.625
030218	20:36	616	16.21	184	308	0.340	5.5	0.500
030218	23:36	616	16.17	184	435	0.360	4.5	0.550
030219	02:36	616	16.09	184	174	0.360	4.6	0.550
030219	05:36	616	16.21	183	796	0.500	4.2	0.750
030219	08:36	616	16.17	183	878	0.480	4.2	0.700
030219	11:36	616	16.05	184	255	0.500	4.2	0.725
030219	14:36	616	16.21	184	183	0.460	4.6	0.675
030219	17:36	616	16.13	184	31	0.360	4.4	0.550
030219	20:36	616	16.05	184	578	0.320	4.3	0.475
030219	23:36	616	15.93	184	665	0.320	4.6	0.475
030220	02:36	616	15.93	184	290	0.260	5.5	0.375
030220	05:36	616	16.01	183	787	0.240	5.7	0.350
030220	08:36	616	16.01	184	422	0.180	6.1	0.275
030220	11:36	616	16.17	184	528	0.180	5.6	0.275
030220	14:36	616	16.21	184	326	0.160	5.3	0.250
030220	17:36	616	16.17	184	463	0.160	5.6	0.225
030220	20:36	616	16.13	184	661	0.220	4.3	0.325
030220	23:36	616	16.05	184	938	0.360	3.9	0.525
030221	02:36	616	15.93	184	701	0.400	3.9	0.600
030221	05:36	616	16.13	184	602	0.520	4.2	0.775
030221	08:36	616	16.05	184	845	0.620	4.3	0.925
030221	11:36	616	16.21	185	142	0.620	4.3	0.925
030221	14:36	616	16.21	185	168	0.440	4.5	0.675
030221	17:36	616	16.13	185	116	0.460	4.4	0.675
030221	20:36	616	16.05	185	133	0.360	4.1	0.525
030221	23:36	616	15.89	185	287	0.320	4.2	0.475
030222	02:36	616	15.77	185	117	0.260	4.1	0.400
030222	05:36	616	16.01	184	988	0.260	4.0	0.375
030222	08:36	616	16.05	185	1	0.220	3.8	0.350
030222	11:36	616	16.05	185	70	0.220	3.8	0.350
030222	14:36	616	16.01	185	106	0.400	4.0	0.600
030222	17:36	616	16.01	185	87	0.300	3.9	0.450
030222	20:36	616	15.85	185	133	0.600	4.4	0.900
030222	23:36	616	15.85	185	2	0.580	4.5	0.850
030223	02:36	616	15.93	185	73	0.660	4.5	0.975
030223	05:36	616	15.81	184	864	0.580	4.6	0.850
030223	08:36	616	15.73	184	1006	0.480	4.6	0.725
030223	11:36	616	15.89	184	1015	0.540	4.2	0.825
030223	14:36	616	15.93	185	45	0.360	4.2	0.550
030223	17:36	616	15.85	184	952	0.300	4.3	0.425
030223	20:36	616	15.81	184	840	0.200	4.3	0.300
030223	23:36	616	15.68	184	708	0.160	4.2	0.225
030224	02:36	616	15.77	184	520	0.220	4.2	0.325
030224	05:36	616	15.48	184	505	0.200	4.2	0.300
030224	08:36	616	15.73	184	613	0.340	4.1	0.525
030224	11:36	616	15.85	184	526	0.180	4.4	0.275
030224	14:36	616	15.97	184	428	0.240	4.3	0.350
030224	17:36	616	15.77	184	243	0.200	4.4	0.300
030224	20:36	616	15.77	184	304	0.160	4.1	0.250
030224	23:36	616	15.85	183	976	0.300	4.0	0.450
030225	02:36	616	15.77	183	849	0.260	4.0	0.400
030225	05:36	616	15.60	183	912	0.340	4.0	0.500
030225	08:36	616	15.73	184	100	0.280	3.8	0.425
030225	11:36	616	15.89	183	970	0.280	4.0	0.425
030225	14:36	616	15.93	184	28	0.320	4.3	0.475
030225	17:36	616	15.85	184	91	0.280	4.2	0.400
030225	20:36	616	15.81	184	96	0.260	4.0	0.375
030225	23:36	616	15.85	183	938	0.200	4.0	0.300
030226	02:36	616	15.77	183	607	0.280	4.0	0.400
030226	05:36	616	15.73	183	870	0.360	4.2	0.525
030226	08:36	616	15.73	184	64	0.340	4.2	0.500
030226	11:36	616	15.85	183	875	0.380	4.0	0.550
030226	14:36	616	15.93	183	682	0.300	4.0	0.450
030226	17:36	616	15.89	183	999	0.440	4.1	0.650
030226	20:36	616	15.77	184	188	0.320	4.2	0.475
030226	23:36	616	15.77	183	966	0.260	4.1	0.400
030227	02:36	616	15.68	183	644	0.360	3.9	0.550
030227	05:36	616	15.73	183	798	0.280	4.1	0.425
030227	08:36	616	15.89	184	28	0.340	4.1	0.500
030227	11:36	616	16.01	183	1010	0.260	3.8	0.375
030227	14:36	616	15.97	183	903	0.400	3.9	0.600
030227	17:36	616	15.89	184	220	0.420	3.9	0.625
030227	20:36	616	15.77	184	628	0.300	3.9	0.450
030227	23:36	616	15.77	184	336	0.300	3.7	0.450
030228	02:36	616	15.77	183	929	0.200	3.7	0.300
030228	05:36	616	15.77	184	71	0.200	3.7	0.325
030228	08:36	616	15.85	184	549	0.160	3.7	0.250
030228	11:36	616	16.05	184	355	0.260	3.5	0.375
030228	14:36	616	16.05	184	238	0.220	3.6	0.350
030228	17:36	616	16.01	184	629	0.320	3.5	0.475
030228	20:36	616	15.97	185	62	0.720	3.9	1.075
030228	23:36	616	15.73	184	708	0.820	4.4	1.225
030301	02:36	616	15.81	184	126	0.680	4.4	1.025
030301	05:36	616	15.73	184	149	0.900	4.3	1.350
030301	08:36	616	15.89	184	547	0.960	4.8	1.400
030301	11:36	616	15.89	184	354	1.220	5.0	1.800
030301	14:36	616	15.89	184	103	1.600	5.1	2.350
030301	17:36	616	15.89	183	674	1.520	5.7	2.200
030301	20:36	616	15.85	184	432	1.460	5.8	2.125
030301	23:36	616	15.85	184	126	1.400	5.9	2.025
030302	02:36	616	15.81	183	767	1.700	6.4	2.450
030302	05:36	616	15.77	183	659	1.360	6.2	1.975
030302	08:36	616	15.81	184	32	1.380	6.3	1.975
030302	11:36	616	15.85	183	601	1.400	6.8	2.000
030302	14:36	616	15.89	183	418	1.140	7.1	1.625
030302	17:36	616	15.85	183	774	1.060	6.3	1.525
030302	20:36	616	15.85	184	157	1.080	7.5	1.525
030302	23:36	616	15.81	184	226	1.100	7.9	1.550
030303	02:36	616	15.85	183	429	1.120	8.3	1.575
030303	05:36	616	15.85	183	589	1.120	8.3	1.600
030303	08:36	616	15.85	183	921	0.840	8.3	1.200
030303	11:36	616	15.93	184	1	0.660	8.0	0.950
030303	14:36	616	15.97	183	796	0.680	8.2	0.975
030303	17:36	616	15.97	183	884	0.520	7.9	0.725
030303	20:36	616	15.93	184	200	0.520	7.7	0.750
030303	23:36	616	15.89	184	395	0.440	7.3	0.625
030304	02:36	616	15.93	183	893	0.580	8.6	0.825
030304	05:36	616	15.81	183	845	0.560	8.0	0.775
030304	08:36	616	15.81	184	424	0.520	7.5	0.750
030304	11:36	616	15.89	184	480	0.520	7.2	0.750
030304	14:36	616	15.97	184	226	0.480	6.5	0.700
030304	17:36	616	15.97	184	264	0.360	6.6	0.525
030304	20:36	616	15.93	184	848	0.360	6.3	0.525
030304	23:36	616	15.89	184	843	0.380	6.0	0.550
030305	02:36	616	15.81	184	516	0.320	5.9	0.450
030305	05:36	616	15.52	184	377	0.340	5.4	0.500
030305	08:36	616	15.73	184	630	0.300	4.8	0.425
030305	11:36	616	16.01	184	882	0.260	4.3	0.400
030305	14:36	616	16.13	184	575	0.180	5.3	0.250
030305	17:36	616	16.01	184	672	0.340	4.2	0.500
030305	20:36	616	16.01	185	39	0.400	4.3	0.575
030305	23:36	616	15.97	185	58	0.340	4.3	0.525
030306	02:36	616	15.85	184	702	0.280	4.3	0.400
030306	05:36	616	15.73	184	455	0.200	4.8	0.300
030306	08:36	616	15.77	184	795	0.200	4.8	0.300
030306	11:36	616	15.97	184	902	0.180	4.6	0.275
030306	14:36	616	16.01	184	623	0.120	5.1	0.175
030306	17:36	616	16.01	184	683	0.120	4.4	0.175
030306	20:36	616	15.93	185	3	0.140	4.4	0.200
030306	23:36	616	15.81	184	1017	0.100	5.5	0.150
030307	02:36	616	15.77	184	735	0.100	5.6	0.150
030307	05:36	616	15.73	184	619	0.080	6.0	0.125
030307	08:36	616	15.81	184	995	0.080	5.6	0.125
030307	11:36	616	15.97	185	134	0.080	5.8	0.125
030307	14:36	616	16.01	184	868	0.100	6.1	0.150
030307	17:36	616	15.97	184	861	0.100	5.8	0.150
030307	20:36	616	15.97	185	27	0.080	5.7	0.125
030307	23:36	616	15.89	185	112	0.080	5.5	0.100
030308	02:36	616	15.81	184	880	0.080	5.0	0.125
030308	05:36	616	15.85	184	728	0.080	4.2	0.125
030308	08:36	616	15.89	184	957	0.100	4.1	0.150
030308	11:36	616	15.97	185	13	0.100	3.9	0.175
030308	14:36	616	15.97	184	922	0.120	4.1	0.200
030308	17:36	616	15.93	184	877	0.140	3.8	0.225
030308	20:36	616	15.89	185	11	0.200	3.5	0.300
030308	23:36	616	15.85	185	68	0.180	3.9	0.275
030309	02:36	616	15.81	184	843	0.180	3.9	0.275
030309	05:36	616	15.77	184	861	0.260	4.2	0.375
030309	08:36	616	15.89	184	1005	0.320	4.0	0.475
030309	11:36	616	16.01	185	101	0.280	4.2	0.425
030309	14:36	616	16.01	184	984	0.280	3.8	0.425
030309	17:36	616	16.01	184	925	0.300	3.8	0.450
030309	20:36	616	15.89	184	980	0.340	3.9	0.500
030309	23:36	616	15.85	185	28	0.260	3.9	0.400
030310	02:36	616	15.73	184	809	0.220	3.8	0.350
030310	05:36	616	15.60	184	729	0.240	3.8	0.375
030310	08:36	616	15.81	184	945	0.220	3.7	0.325
030310	11:36	616	16.01	184	1013	0.180	3.7	0.275
030310	14:36	616	16.05	184	853	0.140	3.7	0.225
030310	17:36	616	16.05	184	805	0.160	3.7	0.250
030310	20:36	616	16.01	184	907	0.200	3.7	0.300
030310	23:36	616	15.93	184	783	0.140	3.7	0.225
030311	02:36	616	15.89	184	598	0.200	3.7	0.300
030311	05:36	616	15.81	184	685	0.220	3.6	0.350
030311	08:36	616	15.85	184	767	0.300	4.0	0.450
030311	11:36	616	15.81	184	780	0.280	4.2	0.425
030311	14:36	616	15.81	184	764	0.420	4.2	0.625
030311	17:36	616	15.73	184	937	0.400	4.5	0.575
030311	20:36	616	15.64	184	846	0.360	4.1	0.525
030311	23:36	616	15.64	184	521	0.240	3.9	0.375
030312	02:36	616	15.52	184	312	0.180	3.9	0.275
030312	05:36	616	15.68	184	396	0.200	4.0	0.325
030312	08:36	616	15.81	184	568	0.240	4.1	0.375
030312	11:36	616	16.01	184	409	0.280	4.0	0.425
030312	14:36	616	16.05	184	418	0.280	4.0	0.400
030312	17:36	616	15.97	184	518	0.120	4.0	0.175
030312	20:36	616	15.93	184	453	0.060	4.3	0.100
030312	23:36	616	15.85	184	87	0.060	5.9	0.075
030313	02:36	616	15.81	183	786	0.060	5.9	0.075
030313	05:36	616	15.77	184	19	0.060	5.6	0.100
030313	08:36	616	15.85	184	39	0.060	5.5	0.075
030313	11:36	616	15.93	184	25	0.060	6.1	0.100
030313	14:36	616	15.97	183	1015	0.060	5.8	0.100
030313	17:36	616	15.93	184	137	0.080	5.5	0.125
030313	20:36	616	15.93	184	225	0.080	5.7	0.125
030313	23:36	616	15.89	183	947	0.080	5.6	0.125
030314	02:36	616	15.85	183	706	0.100	5.5	0.150
030314	05:36	616	15.77	183	969	0.100	6.0	0.150
030314	08:36	616	15.81	184	275	0.100	5.8	0.150
030314	11:36	616	15.97	184	98	0.100	5.3	0.150
030314	14:36	616	16.01	183	1021	0.100	5.8	0.150
030314	17:36	616	15.97	184	367	0.080	5.1	0.125
030314	20:36	616	15.97	184	585	0.100	5.1	0.150
030314	23:36	616	15.93	184	298	0.100	5.1	0.150
030315	02:36	616	15.85	183	918	0.100	5.0	0.125
030315	05:36	616	15.85	184	178	0.080	4.9	0.125
030315	08:36	616	16.01	184	475	0.100	4.2	0.150
030315	11:36	616	16.05	184	274	0.100	4.5	0.150
030315	14:36	616	16.05	184	99	0.080	4.6	0.125
030315	17:36	616	16.01	184	518	0.060	5.1	0.100
030315	20:36	616	16.01	184	815	0.380	4.1	0.575
030315	23:36	616	15.93	184	400	0.380	4.0	0.575
030316	02:36	616	15.81	183	930	0.400	3.9	0.600
030316	05:36	616	15.85	184	103	0.380	4.1	0.550
030316	08:36	616	15.85	184	345	0.400	4.0	0.600
030316	11:36	616	15.89	184	213	0.480	4.2	0.725
030316	14:36	616	15.89	183	899	0.580	4.2	0.875
030316	17:36	616	15.85	184	213	0.600	4.2	0.900
030316	20:36	616	15.77	184	593	0.620	4.3	0.925
030316	23:36	616	15.77	184	173	0.680	4.2	1.000
030317	02:36	616	15.77	183	825	1.140	4.5	1.700
030317	05:36	616	15.73	183	816	2.420	6.1	3.500
030317	08:36	616	15.56	183	1020	1.220	6.3	1.750
030317	11:36	616	15.93	183	670	0.860	4.9	1.250
030317	14:36	616	16.01	183	610	1.000	5.7	1.450
030317	17:36	616	15.97	183	424	0.860	6.8	1.225
030317	20:36	616	15.93	184	225	0.560	6.1	0.800
030317	23:36	616	15.89	183	944	0.420	6.0	0.625
030318	02:36	616	15.85	183	437	0.440	5.0	0.650
030318	05:36	616	15.64	183	187	0.400	4.9	0.575
030318	08:36	616	15.73	183	844	0.280	4.9	0.400
030318	11:36	616	15.97	183	829	0.240	4.6	0.375
030318	14:36	616	16.01	183	428	0.260	4.6	0.375
030318	17:36	616	15.93	183	797	0.440	4.5	0.650
030318	20:36	616	15.85	184	417	0.400	4.5	0.575
030318	23:36	616	15.77	184	253	0.300	4.4	0.450
030319	02:36	616	15.73	183	650	0.260	4.6	0.400
030319	05:36	616	15.73	183	717	0.360	4.4	0.525
030319	08:36	616	15.81	183	1022	0.280	4.3	0.400
030319	11:36	616	15.97	184	167	0.260	4.1	0.375
030319	14:36	616	15.97	183	981	0.240	4.0	0.350
030319	17:36	616	15.89	183	1001	0.220	4.0	0.325
030319	20:36	616	15.81	184	478	0.180	4.1	0.250
030319	23:36	616	15.77	184	541	0.180	4.2	0.275
030320	02:36	616	15.73	184	109	0.160	4.0	0.225
030320	05:36	616	15.64	184	92	0.100	4.9	0.150
030320	08:36	616	15.77	184	526	0.080	5.2	0.125
030320	11:36	616	15.89	184	775	0.120	4.6	0.175
030320	14:36	616	15.93	184	275	0.120	6.0	0.175
030320	17:36	616	15.89	184	160	0.080	5.5	0.125
030320	20:36	616	15.81	184	446	0.100	5.6	0.150
030320	23:36	616	15.77	184	475	0.080	5.6	0.125
030321	02:36	616	15.73	184	6	0.080	5.4	0.100
030321	05:36	616	15.73	183	915	0.060	5.5	0.100
030321	08:36	616	15.81	184	228	0.060	5.6	0.100
030321	11:36	616	15.97	184	322	0.060	6.6	0.075
030321	14:36	616	16.01	183	1021	0.060	6.8	0.100
030321	17:36	616	15.93	183	903	0.080	6.3	0.125
030321	20:36	616	15.85	183	970	0.080	5.9	0.100
030321	23:36	616	15.81	184	10	0.060	5.0	0.100
030322	02:36	616	15.73	183	837	0.080	4.9	0.100
030322	05:36	616	15.64	183	723	0.080	4.8	0.100
030322	08:36	616	15.85	183	1019	0.060	4.6	0.100
030322	11:36	616	15.97	184	260	0.240	3.8	0.375
030322	14:36	616	16.01	183	1016	0.280	3.9	0.425
030322	17:36	616	15.93	183	832	0.260	3.8	0.400
030322	20:36	616	15.85	183	858	0.400	3.9	0.600
030322	23:36	616	15.77	183	949	0.360	3.9	0.550
030323	02:36	616	15.68	183	561	0.400	3.8	0.600
030323	05:36	616	15.64	183	563	0.420	3.8	0.650
030323	08:36	616	15.73	184	51	0.440	4.1	0.675
030323	11:36	616	15.73	183	954	0.480	4.2	0.700
030323	14:36	616	15.73	183	900	0.460	4.3	0.675
030323	17:36	616	15.68	183	943	0.500	4.2	0.750
030323	20:36	616	15.64	184	201	0.540	4.3	0.825
030323	23:36	616	15.60	184	132	0.600	4.4	0.875
030324	02:36	616	15.60	183	1017	0.560	4.3	0.825
030324	05:36	616	15.56	184	242	0.440	4.3	0.675
030324	08:36	616	15.60	184	164	0.460	4.4	0.675
030324	11:36	616	15.68	184	238	0.200	4.1	0.300
030324	14:36	616	15.64	184	202	0.240	4.4	0.350
030324	17:36	616	15.52	184	387	0.260	4.5	0.375
030324	20:36	616	15.48	184	149	0.320	4.6	0.500
030324	23:36	616	15.48	183	925	0.420	4.6	0.625
030325	02:36	616	15.24	183	661	0.540	4.6	0.800
030325	05:36	616	15.12	183	994	0.580	4.9	0.850
030325	08:36	616	15.48	184	3	0.420	4.7	0.625
030325	11:36	616	15.60	184	38	0.400	4.5	0.600
030325	14:36	616	15.73	183	860	0.420	4.6	0.600
030325	17:36	616	15.68	184	88	0.420	4.6	0.625
030325	20:36	616	15.68	183	884	0.420	4.7	0.625
030325	23:36	616	15.68	183	653	0.280	4.8	0.400
030326	02:36	616	15.60	183	634	0.460	4.5	0.700
030326	05:36	616	15.56	183	909	0.440	4.6	0.650
030326	08:36	616	15.60	184	155	0.360	4.5	0.525
030326	11:36	616	15.89	184	312	0.420	4.4	0.625
030326	14:36	616	16.01	184	274	0.360	4.3	0.525
030326	17:36	616	16.05	184	333	0.280	4.1	0.425
030326	20:36	616	16.01	184	402	0.400	4.0	0.600
030326	23:36	616	15.97	184	144	0.280	4.2	0.425
030327	02:36	616	15.85	183	983	0.200	4.2	0.300
030327	05:36	616	15.77	184	361	0.220	4.2	0.325
030327	08:36	616	15.93	184	617	0.180	4.4	0.275
030327	11:36	616	16.05	184	439	0.140	4.7	0.225
030327	14:36	616	16.05	184	308	0.120	5.2	0.200
030327	17:36	616	16.01	184	455	0.120	5.6	0.175
030327	20:36	616	16.01	184	481	0.380	4.0	0.575
030327	23:36	616	16.21	184	76	0.200	3.9	0.300
030328	02:36	616	16.09	183	869	0.180	3.9	0.275
030328	05:36	616	16.01	184	173	0.240	3.8	0.375
030328	08:36	616	16.13	184	370	0.180	3.9	0.250
030328	11:36	616	16.21	184	215	0.120	4.3	0.175
030328	14:36	616	16.01	183	969	0.120	4.8	0.175
030328	17:36	616	16.09	184	208	0.080	5.8	0.125
030328	20:36	616	15.97	184	381	0.080	4.2	0.125
030328	23:36	616	15.97	184	71	0.120	4.4	0.175
030329	02:36	616	15.93	183	738	0.120	4.0	0.175
030329	05:36	616	15.89	184	2	0.080	4.2	0.125
030329	08:36	616	16.01	184	340	0.100	3.6	0.150
030329	11:36	616	16.13	184	169	0.080	4.4	0.125
030329	14:36	616	16.13	183	928	0.060	4.4	0.100
030329	17:36	616	16.01	184	310	0.060	4.6	0.075
030329	20:36	616	15.85	184	635	0.060	4.8	0.075
030329	23:36	616	15.85	184	373	0.060	5.1	0.100
030330	02:36	616	15.89	184	12	0.060	5.3	0.075
030330	05:36	616	15.77	184	320	0.060	4.9	0.100
030330	08:36	616	15.93	184	730	0.060	4.6	0.075
030330	11:36	616	16.01	184	538	0.060	4.5	0.075
030330	14:36	616	16.01	184	277	0.040	4.7	0.075
030330	17:36	616	16.01	184	640	0.060	4.7	0.075
030330	20:36	616	16.01	184	942	0.060	4.7	0.075
030330	23:36	616	16.01	184	689	0.060	4.6	0.100
030331	02:37	616	16.05	184	278	0.060	4.1	0.100
030331	05:37	616	16.05	184	391	0.060	3.9	0.100
030331	08:37	616	16.09	184	795	0.060	4.4	0.100
030331	11:37	616	16.17	184	697	0.120	4.2	0.175
030331	14:37	616	16.17	184	369	0.100	4.4	0.150
030331	17:37	616	16.09	184	694	0.140	4.5	0.200
030331	20:37	616	16.05	185	49	0.120	4.7	0.175
030331	23:37	616	16.29	184	844	0.160	4.2	0.225
030401	02:37	616	16.01	184	502	0.220	3.4	0.325
030401	05:37	616	16.33	184	685	0.440	3.8	0.650
030401	08:37	616	16.13	185	79	0.400	4.0	0.600
030401	11:37	616	16.05	184	935	0.460	3.8	0.700
030401	14:37	616	16.21	184	496	0.520	4.2	0.775
030401	17:37	616	16.01	184	680	0.700	4.4	1.025
030401	20:37	616	15.97	185	113	0.760	4.7	1.125
030401	23:37	616	15.89	184	839	0.960	5.2	1.400
030402	02:37	616	15.85	184	26	1.000	5.7	1.450
030402	05:37	616	15.93	184	388	1.340	6.0	1.925
030402	08:37	616	15.89	184	211	1.160	6.1	1.675
030402	11:37	616	15.89	184	451	1.340	6.2	1.925
030402	14:37	616	15.89	184	112	1.020	6.4	1.475
030402	17:37	616	15.85	183	806	1.140	6.7	1.625
030402	20:37	616	15.85	184	117	1.000	6.9	1.425
030402	23:37	616	15.81	184	87	0.700	6.8	1.000
030403	02:37	616	15.77	183	812	0.580	7.2	0.825
030403	05:37	616	15.73	183	755	0.440	6.8	0.625
030403	08:37	616	15.85	184	255	0.320	5.7	0.450
030403	11:37	616	15.93	184	115	0.300	5.7	0.425
030403	14:37	616	15.97	183	811	0.280	5.3	0.425
030403	17:37	616	15.93	183	628	0.360	4.9	0.525
030403	20:37	616	15.85	184	61	0.540	4.2	0.800
030403	23:37	616	15.85	184	95	0.620	4.1	0.925
030404	02:37	616	15.81	183	873	0.740	4.5	1.100
030404	05:37	616	15.73	183	952	0.540	4.7	0.800
030404	08:37	616	15.89	184	50	0.580	4.6	0.850
030404	11:37	616	16.29	184	143	0.600	4.3	0.900
030404	14:37	616	16.29	183	1013	0.660	4.9	0.975
030404	17:37	616	16.21	184	67	0.640	4.8	0.925
030404	20:37	616	15.97	184	306	0.620	4.7	0.925
030404	23:37	616	15.93	184	486	0.580	5.0	0.875
030405	02:37	616	15.93	184	156	0.580	5.2	0.850
030405	05:37	616	15.93	183	988	0.420	5.0	0.600
030405	08:37	616	16.01	184	479	0.340	5.4	0.500
030405	11:37	616	15.97	184	724	0.260	5.5	0.400
030405	14:37	616	15.93	184	635	0.180	5.7	0.275
030405	17:37	616	15.93	184	514	0.120	5.5	0.175
030405	20:37	616	15.85	184	753	0.100	5.6	0.150
030405	23:37	616	15.89	184	902	0.120	5.5	0.175
030406	02:37	616	15.93	184	501	0.140	6.0	0.200
030406	05:37	616	15.93	184	345	0.120	6.0	0.200
030406	08:37	616	16.01	184	713	0.120	6.5	0.175
030406	11:37	616	16.09	184	924	0.120	6.6	0.175
030406	14:37	616	16.05	184	672	0.100	6.2	0.150
030406	17:37	616	16.05	184	450	0.100	6.3	0.150
030406	20:37	616	16.05	184	508	0.120	5.8	0.175
030406	23:37	616	16.01	184	421	0.120	5.1	0.200
030407	02:37	616	15.93	184	362	0.100	5.2	0.150
030407	05:37	616	16.01	184	224	0.080	5.1	0.125
030407	08:37	616	16.09	184	679	0.080	4.8	0.125
030407	11:37	616	16.13	184	934	0.080	4.8	0.125
030407	14:37	616	16.13	184	821	0.080	5.1	0.125
030407	17:37	616	16.09	184	866	0.100	5.2	0.150
030407	20:37	616	16.05	185	148	0.120	5.0	0.175
030407	23:37	616	15.97	184	933	0.120	4.7	0.175
030408	02:37	616	16.01	184	714	0.120	5.2	0.175
030408	05:37	616	16.01	184	977	0.120	5.5	0.175
030408	08:37	616	16.09	185	461	0.100	5.9	0.150
030408	11:37	616	16.17	185	644	0.100	5.7	0.150
030408	14:37	616	16.25	185	453	0.080	6.3	0.100
030408	17:37	616	16.05	185	363	0.060	6.5	0.100
030408	20:37	616	15.93	185	198	0.080	5.9	0.125
030408	23:37	616	15.85	185	4	0.100	5.4	0.150
030409	02:37	616	15.68	184	727	0.120	4.1	0.175
030409	05:37	616	15.81	184	718	0.240	3.6	0.375
030409	08:37	616	16.01	184	984	0.300	3.5	0.450
030409	11:37	616	16.17	184	853	0.180	4.0	0.275
030409	14:37	616	16.37	184	776	0.140	4.4	0.200
030409	17:37	616	16.41	184	582	0.140	4.3	0.225
030409	20:37	616	16.33	184	299	0.140	4.5	0.200
030409	23:37	616	16.29	184	39	0.120	4.3	0.175
030410	02:37	616	16.13	184	55	0.120	4.5	0.175
030410	05:37	616	16.05	184	263	0.100	4.5	0.150
030410	08:37	616	16.13	184	209	0.160	3.6	0.225
030410	11:37	616	16.41	184	213	0.320	3.3	0.500
030410	14:37	616	16.53	183	1017	0.400	3.6	0.600
030410	17:37	616	16.45	184	227	0.440	3.8	0.675
030410	20:37	616	16.37	184	281	0.420	3.9	0.650
030410	23:37	616	16.29	184	255	0.480	3.9	0.725
030411	02:37	616	16.25	184	420	0.600	4.0	0.900
030411	05:37	616	16.13	184	750	0.540	4.0	0.800
030411	08:37	616	16.17	184	718	0.580	4.2	0.875
030411	11:37	616	16.29	184	682	0.640	4.1	0.950
030411	14:37	616	16.37	184	592	0.520	4.3	0.775
030411	17:37	616	16.49	184	761	0.460	4.5	0.675
030411	20:37	616	16.45	184	909	0.400	4.2	0.600
030411	23:37	616	16.37	184	635	0.340	4.4	0.500
030412	02:37	616	16.13	184	651	0.300	4.2	0.475
030412	05:37	616	16.25	184	987	0.200	4.2	0.325
030412	08:37	616	16.33	185	85	0.160	4.4	0.250
030412	11:37	616	16.45	184	799	0.120	4.5	0.175
030412	14:37	616	16.45	184	649	0.060	5.3	0.100
030412	17:37	616	16.09	184	992	0.060	6.1	0.100
030412	20:37	616	16.09	185	142	0.080	5.0	0.125
030412	23:37	616	16.05	184	670	0.060	5.1	0.100
030413	02:37	616	16.01	184	354	0.080	5.2	0.100
030413	05:37	616	16.09	184	615	0.060	5.3	0.100
030413	08:37	616	16.21	184	786	0.040	5.3	0.050
030413	11:37	616	16.25	184	376	0.040	5.2	0.075
030413	14:37	616	16.25	184	160	0.040	5.1	0.075
030413	17:37	616	16.21	184	616	0.040	5.1	0.075
030413	20:37	616	16.05	184	745	0.040	5.4	0.075
030413	23:37	616	16.01	184	249	0.060	5.7	0.075
030414	02:37	616	16.01	183	771	0.060	5.2	0.100
030414	05:37	616	16.01	184	110	0.080	5.8	0.125
030414	08:37	616	16.09	184	592	0.100	5.0	0.125
030414	11:37	616	16.29	184	371	0.080	4.7	0.125
030414	14:37	616	16.29	184	188	0.100	3.8	0.175
030414	17:37	616	16.29	184	526	0.280	4.0	0.425
030414	20:37	616	16.13	184	870	0.320	4.2	0.475
030414	23:37	616	16.09	184	463	0.320	4.0	0.475
030415	02:37	616	16.01	183	992	0.200	3.9	0.300
030415	05:37	616	15.97	184	339	0.200	4.1	0.325
030415	08:37	616	16.05	184	908	0.160	4.0	0.250
030415	11:37	616	16.17	184	539	0.100	4.0	0.175
030415	14:37	616	16.21	184	210	0.160	4.1	0.225
030415	17:37	616	16.05	184	473	0.160	3.8	0.225
030415	20:37	616	16.25	184	867	0.120	3.8	0.200
030415	23:37	616	16.01	184	402	0.140	3.9	0.225
030416	02:37	616	16.01	183	924	0.100	4.0	0.150
030416	05:37	616	16.01	184	306	0.080	4.2	0.125
030416	08:37	616	16.25	184	858	0.100	4.8	0.150
030416	11:37	616	16.41	184	716	0.060	5.1	0.100
030416	14:37	616	16.09	184	79	0.060	5.3	0.100
030416	17:37	616	16.25	184	30	0.100	4.1	0.150
030416	20:37	616	16.45	184	635	0.380	3.6	0.575
030416	23:37	616	16.41	184	384	0.300	3.6	0.450
030417	02:37	616	16.41	184	138	0.240	3.5	0.350
030417	05:37	616	16.45	184	301	0.560	4.1	0.825
030417	08:37	616	16.37	184	805	0.260	3.9	0.400
030417	11:37	616	16.37	184	880	0.400	3.7	0.600
030417	14:37	616	16.37	184	337	0.780	4.1	1.175
030417	17:37	616	16.21	184	180	0.560	4.1	0.825
030417	20:37	616	16.17	184	936	1.040	4.8	1.525
030417	23:37	616	16.09	184	372	1.560	5.5	2.275
030418	02:37	616	16.09	183	473	1.380	5.5	2.025
030418	05:37	616	16.05	183	845	0.960	5.5	1.400
030418	08:37	616	16.09	184	38	0.920	6.1	1.350
030418	11:37	616	16.25	184	389	0.680	6.1	1.000
030418	14:37	616	16.13	183	919	0.740	7.0	1.075
030418	17:37	616	16.05	183	854	0.660	6.3	0.950
030418	20:37	616	16.05	184	209	0.560	6.1	0.825
030418	23:37	616	16.01	184	49	0.420	7.1	0.625
030419	02:37	616	15.68	183	1008	0.300	7.0	0.425
030419	05:37	616	15.89	183	1013	0.240	6.9	0.350
030419	08:37	616	15.97	184	387	0.180	7.0	0.250
030419	11:37	616	16.13	184	597	0.120	6.3	0.175
030419	14:37	616	16.09	184	381	0.100	6.5	0.150
030419	17:37	616	16.05	184	108	0.120	7.1	0.175
030419	20:37	616	16.01	184	401	0.100	6.1	0.125
030419	23:37	616	16.01	184	487	0.120	5.6	0.175
030420	02:37	616	15.97	184	217	0.260	4.1	0.400
030420	05:37	616	15.93	184	266	0.220	4.0	0.350
030420	08:37	616	16.09	184	538	0.220	3.8	0.325
030420	11:37	616	16.25	184	824	0.180	3.9	0.275
030420	14:37	616	16.29	184	585	0.180	3.9	0.275
030420	17:37	616	16.37	184	417	0.220	4.0	0.350
030420	20:37	616	16.13	184	517	0.140	3.9	0.225
030420	23:37	616	16.09	184	254	0.120	3.8	0.175
030421	02:37	616	16.05	184	237	0.220	4.0	0.350
030421	05:37	616	16.01	184	277	0.260	3.9	0.400
030421	08:37	616	16.09	184	529	0.220	3.7	0.325
030421	11:37	616	16.17	184	670	0.200	3.9	0.300
030421	14:37	616	16.21	184	496	0.160	4.0	0.250
030421	17:37	616	16.09	184	259	0.100	4.5	0.150
030421	20:37	616	16.01	184	230	0.100	5.2	0.150
030421	23:37	616	16.01	184	144	0.120	4.0	0.175
030422	02:37	616	16.01	183	916	0.100	4.0	0.150
030422	05:37	616	16.01	184	168	0.100	4.3	0.150
030422	08:37	616	16.09	184	207	0.360	3.3	0.550
030422	11:37	616	16.29	184	86	0.720	4.0	1.075
030422	14:37	616	16.37	183	1005	0.620	4.2	0.925
030422	17:37	616	16.33	183	1020	0.780	4.5	1.175
030422	20:37	616	16.33	184	8	0.960	5.0	1.400
030422	23:37	616	16.33	183	797	1.080	5.0	1.600
030423	02:37	616	16.29	183	707	1.160	4.8	1.725
030423	05:37	616	16.29	183	986	0.860	4.8	1.250
030423	08:37	616	16.33	184	21	0.820	5.4	1.200
030423	11:37	616	16.57	184	67	0.640	5.6	0.925
030423	14:37	616	16.25	184	58	0.700	5.5	1.000
030423	17:37	616	16.13	184	92	0.620	5.2	0.900
030423	20:37	616	16.33	184	285	0.600	5.0	0.875
030423	23:37	616	16.37	184	8	0.620	5.3	0.900
030424	02:37	616	16.29	183	932	0.600	5.8	0.875
030424	05:37	616	16.21	184	362	0.560	5.1	0.825
030424	08:37	616	16.17	184	867	0.560	5.0	0.800
030424	11:37	616	16.41	184	901	0.380	4.9	0.550
030424	14:37	616	16.37	184	762	0.420	4.9	0.600
030424	17:37	616	16.33	184	1012	0.300	5.0	0.450
030424	20:37	616	16.37	184	808	0.240	4.7	0.375
030424	23:37	616	16.41	184	636	0.200	4.9	0.300
030425	02:37	616	16.41	184	523	0.200	5.8	0.275
030425	05:37	616	16.17	184	767	0.220	6.3	0.325
030425	08:37	616	16.29	185	64	0.140	5.9	0.200
030425	11:37	616	16.49	184	903	0.120	6.6	0.175
030425	14:37	616	16.57	184	887	0.140	5.3	0.200
030425	17:37	616	16.49	185	107	0.340	3.9	0.500
030425	20:37	616	16.41	185	131	0.160	4.2	0.250
030425	23:37	616	16.37	184	737	0.240	4.2	0.350
030426	02:37	616	16.37	184	470	0.280	4.1	0.425
030426	05:37	616	16.37	184	766	0.220	4.3	0.325
030426	08:37	616	16.57	185	92	0.280	4.0	0.425
030426	11:37	616	16.65	184	954	0.220	3.9	0.325
030426	14:37	616	16.69	184	679	0.140	4.0	0.225
030426	17:37	616	16.61	184	895	0.160	4.1	0.250
030426	20:37	616	16.61	184	965	0.140	4.1	0.200
030426	23:37	616	16.57	184	505	0.120	4.4	0.175
030427	02:37	616	16.49	184	316	0.140	4.0	0.200
030427	05:37	616	16.45	184	745	0.240	3.7	0.375
030427	08:37	616	16.61	185	129	0.120	4.2	0.175
030427	11:37	616	16.78	184	848	0.100	4.4	0.150
030427	14:37	616	16.45	184	514	0.120	4.4	0.175
030427	17:37	616	17.22	184	956	0.180	3.9	0.275
030427	20:37	616	16.53	184	947	0.100	4.5	0.150
030427	23:37	616	16.57	184	552	0.100	4.9	0.150
030428	02:37	616	16.29	184	332	0.100	5.2	0.150
030428	05:37	616	16.49	184	659	0.080	5.6	0.125
030428	08:37	616	16.53	184	933	0.060	5.5	0.100
030428	11:37	616	16.57	184	665	0.060	5.9	0.100
030428	14:37	616	16.61	184	348	0.060	6.0	0.075
030428	17:37	616	16.61	184	579	0.060	5.8	0.075
030428	20:37	616	16.57	184	831	0.060	5.5	0.075
030428	23:37	616	16.49	184	460	0.080	5.2	0.100
030429	02:37	616	16.41	184	235	0.060	5.3	0.100
030429	05:37	616	16.49	184	635	0.060	4.9	0.075
030429	08:37	616	16.86	185	102	0.040	5.1	0.075
030429	11:37	616	17.50	184	840	0.080	5.3	0.100
030429	14:37	616	16.86	184	465	0.060	5.0	0.100
030429	17:37	616	16.82	184	701	0.100	6.0	0.150
030429	20:37	616	16.74	185	85	0.040	5.8	0.075
030429	23:37	616	17.18	184	864	0.040	5.9	0.075
030430	02:37	616	16.82	184	498	0.060	5.2	0.075
030430	05:37	616	16.90	184	886	0.060	4.4	0.100
030430	08:37	616	16.78	185	288	0.060	4.4	0.075
030430	11:37	616	16.65	184	1001	0.080	5.3	0.125
030430	14:37	616	16.90	184	554	0.100	5.7	0.150
030430	17:37	616	16.78	184	641	0.080	5.6	0.125
030430	20:37	616	16.61	185	14	0.060	5.7	0.100
030430	23:37	616	16.98	184	834	0.060	5.1	0.100
030501	02:37	616	16.98	184	599	0.060	4.5	0.075
030501	05:37	616	16.94	184	976	0.040	5.2	0.050
030501	08:37	616	16.90	185	374	0.040	5.7	0.075
030501	11:37	616	16.98	185	70	0.040	5.1	0.075
030501	14:37	616	16.94	184	569	0.040	4.7	0.075
030501	17:37	616	17.22	184	611	0.040	6.0	0.075
030501	20:37	616	17.10	184	919	0.040	5.7	0.050
030501	23:37	616	17.22	184	722	0.040	4.9	0.050
030502	02:37	616	17.22	184	344	0.040	5.3	0.050
030502	05:37	616	17.22	184	567	0.040	5.1	0.075
030502	08:37	616	17.30	184	1013	0.040	5.3	0.050
030502	11:37	616	17.42	184	868	0.020	4.6	0.050
030502	14:37	616	16.98	184	253	0.040	6.1	0.050
030502	17:37	616	16.98	184	205	0.060	5.5	0.075
030502	20:37	616	17.26	184	617	0.060	5.4	0.075
030502	23:37	616	17.58	184	599	0.040	5.3	0.050
030503	02:37	616	17.50	184	348	0.040	5.2	0.050
030503	05:37	616	16.86	184	478	0.040	5.0	0.075
030503	08:37	616	17.22	184	1005	0.040	4.9	0.050
030503	11:37	616	17.30	184	986	0.080	7.2	0.100
030503	14:37	616	17.06	184	504	0.060	5.7	0.075
030503	17:37	616	16.65	184	354	0.060	5.7	0.075
030503	20:37	616	17.26	184	740	0.060	5.8	0.075
030503	23:37	616	17.70	184	822	0.040	5.7	0.050
030504	02:37	616	17.70	184	539	0.040	5.4	0.050
030504	05:37	616	17.91	184	685	0.040	4.7	0.050
030504	08:37	616	18.11	185	121	0.040	5.2	0.050
030504	11:37	616	17.58	184	996	0.040	5.8	0.050
030504	14:37	616	17.99	184	546	0.040	5.7	0.075
030504	17:37	616	17.50	184	245	0.040	5.6	0.075
030504	20:37	616	17.99	184	550	0.040	5.2	0.075
030504	23:37	616	18.63	184	639	0.060	5.1	0.100
030505	02:37	616	18.43	184	312	0.060	4.8	0.075
030505	05:37	616	16.90	184	277	0.040	4.7	0.075
030505	08:37	616	18.07	184	681	0.040	4.3	0.075
030505	11:37	616	18.15	184	809	0.040	5.1	0.050
030505	14:37	616	17.50	184	322	0.040	4.8	0.075
030505	17:37	616	16.90	184	65	0.100	5.7	0.150
030505	20:37	616	19.77	184	316	0.060	4.1	0.075
030505	23:37	616	17.62	184	267	0.080	3.8	0.125
030506	02:37	616	18.63	184	185	0.100	3.6	0.150
030506	05:37	616	18.03	184	336	0.060	3.8	0.100
030506	08:37	616	17.30	184	586	0.140	3.7	0.225
030506	11:37	616	17.38	184	748	0.160	3.8	0.250
030506	14:37	616	18.35	184	445	0.140	3.9	0.200
030506	17:37	616	18.11	184	171	0.180	4.1	0.275
030506	20:37	616	17.50	184	241	0.360	4.1	0.525
030506	23:37	616	17.34	184	251	0.220	3.9	0.325
030507	02:37	616	19.48	184	512	0.300	4.0	0.450
030507	05:37	616	19.44	184	654	0.300	4.2	0.425
030507	08:37	616	19.12	184	972	0.360	4.4	0.550
030507	11:37	616	19.16	185	115	0.240	4.1	0.375
030507	14:37	616	17.83	185	15	0.180	4.0	0.250
030507	17:37	616	19.32	184	829	0.260	4.1	0.400
030507	20:37	616	19.04	184	838	0.240	3.9	0.375
030507	23:37	616	19.00	184	965	0.340	3.9	0.500
030508	02:37	616	19.36	184	1012	0.360	3.9	0.525
030508	05:37	616	19.36	185	163	0.200	3.8	0.300
030508	08:37	616	19.48	185	236	0.160	3.7	0.225
030508	11:37	616	18.43	185	233	0.140	3.6	0.200
030508	14:37	616	19.12	185	70	0.060	4.0	0.100
030508	17:37	616	20.13	185	64	0.060	4.3	0.075
030508	20:37	616	19.97	184	933	0.380	3.8	0.575
030508	23:37	616	19.56	184	718	0.240	3.8	0.350
030509	02:37	616	18.43	184	599	0.080	4.0	0.125
030509	05:37	616	18.59	184	852	0.120	3.6	0.175
030509	08:37	616	18.63	184	933	0.120	3.5	0.175
030509	11:37	616	18.84	184	926	0.060	4.5	0.075
030509	14:37	616	18.76	184	738	0.060	4.7	0.100
030509	17:37	616	18.43	184	855	0.100	5.5	0.150
030509	20:37	616	19.68	184	748	0.060	4.8	0.075
030509	23:37	616	19.64	184	432	0.060	4.8	0.075
030510	02:37	616	20.01	184	474	0.060	5.0	0.075
030510	05:37	616	19.89	184	828	0.040	4.7	0.050
030510	08:37	616	19.44	184	879	0.060	4.3	0.075
030510	11:37	616	18.71	184	748	0.080	5.5	0.125
030510	14:37	616	18.43	184	639	0.040	5.0	0.075
030510	17:37	616	18.67	184	697	0.080	5.9	0.100
030510	20:37	616	18.67	184	702	0.060	4.9	0.100
030510	23:37	616	19.48	184	332	0.060	4.6	0.075
030511	02:37	616	19.52	184	377	0.040	4.8	0.075
030511	05:37	616	18.43	184	807	0.060	4.7	0.100
030511	08:37	616	18.11	184	980	0.040	4.2	0.075
030511	11:37	616	19.64	184	792	0.040	4.3	0.075
030511	14:37	616	18.55	184	635	0.080	5.8	0.125
030511	17:37	616	18.96	184	804	0.060	5.2	0.100
030511	20:37	616	18.43	184	726	0.060	4.7	0.075
030511	23:37	616	19.04	184	371	0.040	4.6	0.050
030512	02:37	616	18.96	184	287	0.060	4.2	0.100
030512	05:37	616	18.96	184	823	0.040	4.9	0.075
030512	08:37	616	18.96	185	8	0.080	4.6	0.125
030512	11:37	616	18.67	184	731	0.060	4.4	0.100
030512	14:37	616	19.28	184	542	0.040	5.0	0.075
030512	17:37	616	18.35	184	713	0.060	4.8	0.100
030512	20:37	616	20.09	184	833	0.040	5.2	0.075
030512	23:37	616	17.99	184	431	0.060	5.4	0.100
030513	02:37	616	18.63	184	287	0.040	4.8	0.075
030513	05:37	616	18.84	184	765	0.060	4.8	0.075
030513	08:37	616	18.15	185	109	0.040	4.7	0.075
030513	11:37	616	18.15	184	641	0.140	5.7	0.200
030513	14:37	616	17.99	184	227	0.080	5.4	0.100
030513	17:37	616	18.51	184	627	0.060	5.0	0.100
030513	20:37	616	19.85	184	887	0.080	5.1	0.100
030513	23:37	616	18.11	184	437	0.080	4.7	0.125
030514	02:37	616	17.79	184	96	0.060	4.9	0.075
030514	05:37	616	17.70	184	666	0.060	4.8	0.100
030514	08:37	616	18.76	185	291	0.060	4.6	0.100
030514	11:37	616	18.43	184	853	0.040	4.4	0.050
030514	14:37	616	17.83	184	487	0.060	4.0	0.100
030514	17:37	616	18.63	184	684	0.180	3.4	0.250
030514	20:37	616	19.20	185	33	0.200	3.7	0.300
030514	23:37	616	17.99	184	642	0.200	3.6	0.300
030515	02:37	616	17.66	184	373	0.160	3.7	0.250
030515	05:37	616	18.27	184	865	0.120	3.8	0.175
030515	08:37	616	18.63	185	372	0.160	3.6	0.250
030515	11:37	616	19.44	185	172	0.140	3.5	0.225
030515	14:37	616	19.32	184	589	0.100	3.7	0.150
030515	17:37	616	19.56	184	658	0.200	3.7	0.300
030515	20:37	616	19.28	185	29	0.280	4.3	0.400
030515	23:37	616	19.56	184	802	0.240	4.6	0.375
030516	02:37	616	19.52	184	524	0.240	4.4	0.350
030516	05:37	616	18.43	184	649	0.220	4.4	0.325
030516	08:37	616	19.08	185	191	0.240	4.2	0.350
030516	11:37	616	19.32	185	38	0.140	4.3	0.225
030516	14:37	616	19.28	184	473	0.100	4.6	0.150
030516	17:37	616	19.12	184	382	0.100	4.7	0.150
030516	20:37	616	20.90	184	773	0.080	4.6	0.125
030516	23:37	616	20.82	184	769	0.080	4.7	0.100
030517	02:37	616	19.28	184	535	0.080	4.8	0.100
030517	05:37	616	19.28	184	718	0.060	5.2	0.100
030517	08:37	616	20.98	185	195	0.080	4.7	0.100
030517	11:37	616	19.16	185	149	0.060	5.0	0.100
030517	14:37	616	19.64	184	620	0.060	5.7	0.075
030517	17:37	616	17.95	184	392	0.060	5.5	0.100
030517	20:37	616	19.12	184	772	0.060	5.3	0.075
030517	23:37	616	20.41	184	794	0.080	4.9	0.100
030518	02:37	616	20.69	184	698	0.060	4.9	0.075
030518	05:37	616	20.90	184	866	0.040	4.8	0.075
030518	08:37	616	21.22	185	217	0.040	4.8	0.075
030518	11:37	616	21.02	185	300	0.040	4.6	0.075
030518	14:37	616	18.59	184	912	0.040	5.5	0.050
030518	17:37	616	18.35	184	605	0.040	4.7	0.050
030518	20:37	616	18.76	184	852	0.040	5.1	0.050
030518	23:37	616	19.20	184	867	0.040	4.9	0.050
030519	02:37	616	19.81	184	766	0.040	4.8	0.050
030519	05:37	616	19.36	184	933	0.040	4.5	0.050
030519	08:37	616	19.40	185	194	0.040	4.5	0.050
030519	11:37	616	20.33	185	164	0.020	5.1	0.050
030519	14:37	616	19.28	184	895	0.020	4.7	0.025
030519	17:37	616	18.63	184	596	0.040	5.3	0.075
030519	20:37	616	20.82	184	588	0.320	3.6	0.500
030519	23:37	616	20.78	184	652	0.200	3.4	0.300
030520	02:37	616	20.94	184	681	0.100	3.4	0.175
030520	05:37	616	20.37	184	807	0.200	3.5	0.325
030520	08:37	616	20.57	184	970	0.180	3.5	0.275
030520	11:37	616	18.84	185	6	0.120	3.6	0.200
030520	14:37	616	19.85	184	804	0.120	7.1	0.175
030520	17:37	616	19.16	184	628	0.040	4.8	0.050
030520	20:37	616	19.44	184	590	0.040	5.0	0.050
030520	23:37	616	19.97	184	624	0.080	3.5	0.125
030521	02:37	616	19.97	184	691	0.080	5.5	0.100
030521	05:37	616	20.01	184	940	0.040	4.9	0.075
030521	08:37	616	19.97	185	187	0.040	4.7	0.050
030521	11:37	616	19.28	185	161	0.020	5.2	0.050
030521	14:37	616	19.12	185	44	0.040	6.3	0.075
030521	17:37	616	18.11	184	797	0.040	6.6	0.050
030521	20:37	616	18.71	184	726	0.040	4.9	0.075
030521	23:37	616	18.92	184	657	0.040	4.6	0.075
030522	02:37	616	19.28	184	732	0.040	4.4	0.075
030522	05:37	616	19.64	184	1012	0.060	5.0	0.100
030522	08:37	616	20.05	185	98	0.040	4.8	0.075
030522	11:37	616	20.29	184	1020	0.040	4.6	0.075
030522	14:37	616	20.13	184	915	0.040	4.7	0.050
030522	17:37	616	19.93	184	788	0.040	5.3	0.050
030522	20:37	616	19.93	184	588	0.060	5.3	0.100
030522	23:37	616	19.89	184	350	0.060	4.9	0.075
030523	02:37	616	20.05	184	466	0.060	5.7	0.100
030523	05:37	616	20.13	184	603	0.060	5.3	0.075
030523	08:37	616	20.29	184	858	0.060	5.7	0.075
030523	11:37	616	20.33	184	636	0.060	5.4	0.100
030523	14:37	616	20.37	184	649	0.100	5.1	0.150
030523	17:37	616	20.29	184	443	0.100	5.9	0.150
030523	20:37	616	19.36	184	231	0.100	5.2	0.150
030523	23:37	616	19.44	184	67	0.080	6.1	0.125
030524	02:37	616	19.72	184	215	0.080	5.6	0.125
030524	05:37	616	19.85	184	392	0.080	5.5	0.125
030524	08:37	616	18.67	184	454	0.080	5.7	0.125
030524	11:37	616	18.88	184	304	0.100	5.6	0.150
030524	14:37	616	20.05	184	343	0.120	4.2	0.175
030524	17:37	616	20.21	184	469	0.080	4.7	0.125
030524	20:37	616	20.05	184	315	0.080	4.3	0.125
030524	23:37	616	19.28	184	100	0.080	5.0	0.100
030525	02:37	616	19.97	184	190	0.100	4.5	0.150
030525	05:37	616	19.85	184	607	0.120	4.7	0.175
030525	08:37	616	19.12	184	668	0.100	5.2	0.150
030525	11:37	616	19.72	184	505	0.120	5.5	0.175
030525	14:37	616	19.20	184	420	0.120	5.7	0.200
030525	17:37	616	19.36	184	652	0.100	5.6	0.150
030525	20:37	616	19.64	184	680	0.100	5.3	0.125
030525	23:37	616	19.72	184	405	0.080	5.2	0.100
030526	02:37	616	19.85	184	497	0.060	5.0	0.100
030526	05:37	616	19.97	184	906	0.060	4.6	0.075
030526	08:37	616	20.01	185	1	0.040	5.1	0.075
030526	11:37	616	20.01	184	832	0.040	5.0	0.075
030526	14:37	616	19.68	184	718	0.040	5.5	0.050
030526	17:37	616	19.64	184	853	0.080	6.5	0.100
030526	20:37	616	19.68	184	1000	0.060	4.5	0.100
030526	23:37	616	19.97	184	557	0.060	4.7	0.100
030527	02:37	616	19.97	184	516	0.060	5.0	0.075
030527	05:37	616	19.97	184	638	0.080	6.3	0.100
030527	08:37	616	20.25	184	1002	0.040	5.3	0.050
030527	11:37	616	20.17	184	430	0.040	4.8	0.075
030527	14:37	616	20.17	184	299	0.040	4.9	0.050
030527	17:37	616	20.13	184	507	0.060	4.9	0.100
030527	20:37	616	20.17	184	612	0.060	5.2	0.075
030527	23:37	616	20.29	184	352	0.040	5.0	0.075
030528	02:37	616	20.45	184	86	0.100	3.7	0.150
030528	05:37	616	20.49	184	476	0.260	3.3	0.400
030528	08:37	616	20.57	184	527	0.540	3.9	0.825
030528	11:37	616	20.90	184	253	0.720	4.2	1.075
030528	14:37	616	20.94	183	1016	0.920	4.5	1.375
030528	17:37	616	20.86	184	72	0.960	4.6	1.400
030528	20:37	616	20.61	184	40	1.100	5.0	1.600
030528	23:37	616	20.33	183	893	1.420	5.2	2.075
030529	02:37	616	20.29	183	937	1.220	5.4	1.800
030529	05:37	616	20.25	184	52	0.880	5.7	1.275
030529	08:37	616	20.05	184	423	1.220	5.2	1.775
030529	11:37	616	20.01	184	245	1.040	5.9	1.500
030529	14:37	616	19.97	183	961	0.760	6.1	1.100
030529	17:37	616	19.97	184	176	0.560	5.9	0.825
030529	20:37	616	19.97	184	417	0.480	7.0	0.675
030529	23:37	616	19.89	184	242	0.520	7.3	0.750
030530	02:37	616	19.36	184	27	0.360	7.3	0.500
030530	05:37	616	19.48	184	539	0.360	7.2	0.500
030530	08:37	616	19.12	185	33	0.360	7.3	0.525
030530	11:37	616	19.48	184	992	0.260	7.0	0.375
030530	14:37	616	19.44	184	685	0.200	5.5	0.300
030530	17:37	616	19.40	184	637	0.160	4.7	0.225
030530	20:37	616	19.60	184	929	0.140	5.0	0.225
030530	23:37	616	19.64	184	732	0.140	5.5	0.200
030531	02:37	616	19.85	184	501	0.120	4.5	0.175
030531	05:37	616	19.24	184	893	0.160	4.0	0.250
030531	08:37	616	19.77	185	480	0.180	3.8	0.275
030531	11:37	616	20.69	185	227	0.160	3.8	0.250
030531	14:37	616	21.34	184	758	0.260	3.8	0.400
030531	17:37	616	20.61	184	755	0.180	3.8	0.275
030531	20:37	616	20.69	185	99	0.140	3.8	0.225
030531	23:37	616	20.86	184	933	0.100	3.9	0.175
030601	02:37	616	19.97	184	701	0.120	4.1	0.175
030601	05:37	616	20.01	185	28	0.100	4.0	0.150
030601	08:37	616	20.29	185	504	0.080	4.2	0.100
030601	11:37	616	20.37	185	393	0.060	4.4	0.100
030601	14:37	616	20.49	184	710	0.060	4.8	0.075
030601	17:37	616	20.13	184	690	0.060	4.9	0.075
030601	20:37	616	20.21	184	830	0.060	4.1	0.075
030601	23:37	616	20.13	184	823	0.040	4.9	0.075
030602	02:37	616	20.21	184	667	0.040	4.7	0.050
030602	05:37	616	19.64	184	893	0.040	5.4	0.075
030602	08:37	616	19.60	185	246	0.060	4.9	0.100
030602	11:37	616	19.68	185	301	0.060	4.7	0.075
030602	14:37	616	19.97	184	854	0.040	4.5	0.075
030602	17:37	616	20.29	184	650	0.060	5.1	0.075
030602	20:37	616	20.29	184	894	0.060	4.9	0.075
030602	23:37	616	20.29	184	868	0.040	5.6	0.075
030603	02:37	616	20.21	184	690	0.040	5.7	0.075
030603	05:37	616	20.45	184	964	0.040	5.7	0.075
030603	08:37	616	20.41	185	288	0.060	3.6	0.100
030603	11:37	616	21.30	185	458	0.140	6.6	0.200
030603	14:37	616	19.77	184	980	0.060	3.9	0.075
030603	17:37	616	20.69	184	706	0.100	3.6	0.150
030603	20:37	616	19.89	184	890	0.100	3.5	0.150
030603	23:37	616	20.94	185	97	0.160	3.6	0.225
030604	02:37	616	20.65	185	2	0.120	3.7	0.175
030604	05:37	616	20.65	184	1021	0.160	3.8	0.250
030604	08:37	616	21.02	185	291	0.180	4.0	0.250
030604	11:37	616	20.17	185	483	0.200	4.1	0.300
030604	14:37	616	21.38	185	149	0.220	4.1	0.350
030604	17:37	616	21.42	184	973	0.200	4.5	0.275
030604	20:37	616	20.57	185	13	0.260	4.5	0.400
030604	23:37	616	20.73	184	974	0.200	4.6	0.300
030605	02:37	616	20.17	185	18	0.100	4.6	0.150
030605	05:37	616	21.30	185	132	0.040	4.8	0.075
030605	08:37	616	21.14	185	268	0.040	4.9	0.050
030605	11:37	616	20.86	185	484	0.060	4.5	0.100
030605	14:37	616	20.37	185	222	0.060	4.2	0.075
030605	17:37	616	21.26	185	19	0.080	4.5	0.125
030605	20:37	616	21.34	184	909	0.060	4.6	0.100
030605	23:37	616	21.14	184	893	0.080	3.9	0.100
030606	02:37	616	20.90	184	813	0.080	3.7	0.125
030606	05:37	616	20.94	184	826	0.180	3.4	0.275
030606	08:37	616	21.30	185	36	0.160	3.6	0.250
030606	11:37	616	21.50	185	122	0.060	3.6	0.100
030606	14:37	616	22.07	184	997	0.060	5.1	0.075
030606	17:37	616	21.62	184	669	0.080	5.7	0.100
030606	20:37	616	21.30	184	454	0.060	4.8	0.100
030606	23:37	616	21.58	184	484	0.120	3.5	0.175
030607	02:37	616	20.98	184	485	0.120	3.6	0.175
030607	05:37	616	21.54	184	601	0.080	3.6	0.125
030607	08:37	616	21.62	184	612	0.140	3.5	0.200
030607	11:37	616	21.46	184	604	0.060	3.5	0.075
030607	14:37	616	21.46	184	554	0.040	4.0	0.075
030607	17:37	616	21.10	184	340	0.040	5.0	0.075
030607	20:37	616	21.14	184	331	0.040	4.8	0.075
030607	23:37	616	21.58	184	119	0.040	3.9	0.075
030608	02:37	616	21.95	184	198	0.040	4.5	0.075
030608	05:37	616	21.66	184	453	0.060	4.0	0.100
030608	08:37	616	21.70	184	435	0.060	4.1	0.100
030608	11:37	616	21.62	184	401	0.040	4.7	0.050
030608	14:37	616	20.13	184	227	0.060	3.8	0.100
030608	17:37	616	21.38	184	299	0.040	4.2	0.075
030608	20:37	616	21.42	184	308	0.040	4.5	0.075
030608	23:37	616	21.22	184	85	0.120	3.5	0.200
030609	02:37	616	21.79	184	344	0.080	3.5	0.125
030609	05:37	616	21.74	184	742	0.100	3.6	0.175
030609	08:37	616	22.27	184	790	0.060	3.9	0.100
030609	11:37	616	21.99	184	498	0.040	4.7	0.075
030609	14:37	616	21.99	184	405	0.040	4.9	0.050
030609	17:37	616	21.95	184	668	0.060	4.5	0.100
030609	20:37	616	21.99	184	653	0.040	5.0	0.075
030609	23:37	616	22.15	184	309	0.100	3.7	0.175
030610	02:37	616	22.51	184	466	0.100	3.9	0.150
030610	05:37	616	21.18	184	857	0.040	4.2	0.075
030610	08:37	616	21.79	184	845	0.120	3.7	0.175
030610	11:37	616	21.99	184	508	0.060	4.3	0.100
030610	14:37	616	22.07	184	438	0.040	4.7	0.075
030610	17:37	616	21.62	184	638	0.080	3.6	0.125
030610	20:37	616	21.54	184	642	0.060	3.9	0.100
030610	23:37	616	22.15	184	385	0.040	3.9	0.075
030611	02:37	616	22.59	184	353	0.120	3.5	0.200
030611	05:37	616	22.51	184	897	0.240	3.6	0.375
030611	08:37	616	21.38	184	914	0.120	3.7	0.175
030611	11:37	616	21.54	184	571	0.100	4.0	0.150
030611	14:37	616	21.50	184	276	0.080	3.9	0.125
030611	17:37	616	22.47	184	582	0.080	4.0	0.125
030611	20:37	616	21.91	184	587	0.100	4.0	0.150
030611	23:37	616	21.30	184	313	0.140	3.8	0.200
030612	02:37	616	21.95	184	196	0.100	3.7	0.150
030612	05:37	616	21.50	184	610	0.080	3.8	0.125
030612	08:37	616	22.59	184	878	0.080	3.8	0.125
030612	11:37	616	22.11	184	446	0.060	3.8	0.100
030612	14:37	616	21.50	184	68	0.060	3.7	0.075
030612	17:37	616	21.99	184	305	0.180	3.6	0.275
030612	20:37	616	22.71	184	581	0.220	3.8	0.325
030612	23:37	616	23.24	184	400	0.120	3.5	0.175
030613	02:37	616	23.16	184	83	0.120	3.6	0.200
030613	05:37	616	22.59	184	464	0.100	3.9	0.150
030613	08:37	616	23.40	184	862	0.120	3.6	0.175
030613	11:37	616	21.58	184	450	0.140	5.1	0.200
030613	14:37	616	22.03	184	114	0.060	4.4	0.100
030613	17:37	616	22.80	184	201	0.080	4.8	0.125
030613	20:37	616	22.35	184	484	0.080	3.9	0.125
030613	23:37	616	23.36	184	369	0.080	4.0	0.125
030614	02:37	616	23.40	184	98	0.040	4.3	0.075
030614	05:37	616	22.51	184	321	0.040	4.3	0.075
030614	08:37	616	23.76	184	885	0.140	3.6	0.225
030614	11:37	616	22.55	184	744	0.120	3.6	0.175
030614	14:37	616	21.30	184	310	0.060	4.0	0.100
030614	17:37	616	21.34	184	302	0.100	4.4	0.125
030614	20:37	616	22.23	184	617	0.180	3.8	0.275
030614	23:37	616	23.24	184	389	0.100	3.7	0.150
030615	02:37	616	23.40	184	223	0.040	4.4	0.050
030615	05:37	616	22.92	184	408	0.040	4.4	0.075
030615	08:37	616	21.38	184	798	0.040	4.4	0.075
030615	11:37	616	20.53	184	752	0.080	5.5	0.125
030615	14:37	616	22.43	184	404	0.040	4.6	0.075
030615	17:37	616	22.31	184	174	0.060	5.0	0.075
030615	20:37	616	21.95	184	336	0.060	5.2	0.075
030615	23:37	616	22.27	184	401	0.040	5.7	0.075
030616	02:37	616	22.19	184	203	0.040	5.8	0.050
030616	05:37	616	21.62	184	314	0.040	4.9	0.050
030616	08:37	616	21.30	184	595	0.040	4.9	0.050
030616	11:37	616	22.03	184	644	0.020	5.0	0.050
030616	14:37	616	22.15	184	317	0.080	6.0	0.125
030616	17:37	616	21.99	184	88	0.060	5.3	0.100
030616	20:37	616	22.07	184	263	0.040	5.2	0.075
030616	23:37	616	21.70	184	414	0.040	5.5	0.075
030617	02:37	616	21.30	184	301	0.040	4.6	0.050
030617	05:37	616	21.26	184	549	0.040	4.0	0.050
030617	08:37	616	21.99	184	889	0.020	4.3	0.050
030617	11:37	616	22.31	185	52	0.060	4.8	0.100
030617	14:37	616	21.58	184	860	0.040	5.0	0.075
030617	17:37	616	21.46	184	624	0.060	5.4	0.075
030617	20:37	616	22.63	184	831	0.040	4.6	0.050
030617	23:37	616	22.47	184	839	0.060	3.9	0.100
030618	02:37	616	23.08	184	861	0.060	3.7	0.100
030618	05:37	616	22.96	184	935	0.040	4.6	0.075
030618	08:37	616	22.51	185	148	0.040	4.9	0.075
030618	11:37	616	22.19	185	314	0.060	5.2	0.075
030618	14:37	616	23.32	185	82	0.040	5.5	0.050
030618	17:37	616	21.79	184	814	0.060	6.0	0.075
030618	20:37	616	22.11	184	813	0.240	3.5	0.350
030618	23:37	616	23.16	184	932	0.100	3.7	0.150
030619	02:37	616	24.17	184	844	0.040	3.9	0.075
030619	05:37	616	23.44	184	886	0.080	3.5	0.125
030619	08:37	616	21.74	184	975	0.040	4.3	0.075
030619	11:37	616	21.79	185	114	0.040	3.7	0.050
030619	14:37	616	21.79	184	971	0.040	5.0	0.050
030619	17:37	616	22.15	184	747	0.040	5.5	0.050
030619	20:37	616	22.63	184	664	0.040	5.5	0.075
030619	23:37	616	22.31	184	640	0.080	3.8	0.125
030620	02:37	616	24.13	184	662	0.100	3.5	0.150
030620	05:37	616	23.28	184	656	0.040	3.8	0.075
030620	08:37	616	23.64	184	786	0.060	4.0	0.075
030620	11:37	616	22.39	184	779	0.020	4.6	0.025
030620	14:37	616	22.15	184	697	0.040	4.7	0.050
030620	17:37	616	23.40	184	622	0.020	4.2	0.050
030620	20:37	616	23.97	184	592	0.020	4.3	0.050
030620	23:37	616	24.13	184	541	0.080	3.4	0.125
030621	02:37	616	24.25	184	527	0.040	3.9	0.075
030621	05:37	616	24.17	184	697	0.160	3.6	0.250
030621	08:37	616	24.45	184	773	0.080	3.6	0.125
030621	11:37	616	24.25	184	755	0.040	4.5	0.050
030621	14:37	616	22.11	184	750	0.040	5.4	0.050
030621	17:37	616	22.67	184	804	0.040	5.3	0.050
030621	20:37	616	23.16	184	779	0.060	4.1	0.100
030621	23:37	616	23.68	184	681	0.040	4.2	0.075
030622	02:37	616	23.76	184	827	0.060	4.4	0.100
030622	05:37	616	23.97	184	1018	0.040	4.3	0.075
030622	08:37	616	23.44	185	40	0.060	3.6	0.100
030622	11:37	616	23.89	185	69	0.120	3.5	0.175
030622	14:37	616	23.72	185	46	0.060	3.8	0.100
030622	17:37	616	23.68	185	217	0.320	3.8	0.475
030622	20:37	616	24.45	185	266	0.180	3.7	0.275
030622	23:37	616	24.33	185	110	0.180	3.6	0.275
030623	02:37	616	24.33	185	110	0.180	3.8	0.275
030623	05:37	616	23.81	185	210	0.200	3.6	0.325
030623	08:37	616	22.88	185	344	0.320	3.7	0.475
030623	11:37	616	22.31	185	353	0.280	4.2	0.400
030623	14:37	616	23.08	185	371	0.160	3.8	0.250
030623	17:37	616	23.08	185	460	0.120	4.0	0.175
030623	20:37	616	23.28	185	400	0.140	3.7	0.225
030623	23:37	616	23.28	185	178	0.060	4.2	0.075
030624	02:37	616	23.24	185	277	0.080	3.7	0.125
030624	05:37	616	23.32	185	592	0.080	3.5	0.125
030624	08:37	616	22.75	185	601	0.140	3.3	0.225
030624	11:37	616	22.75	185	468	0.120	3.5	0.175
030624	14:37	616	22.96	185	330	0.080	3.5	0.125
030624	17:37	616	22.59	185	360	0.080	3.5	0.125
030624	20:37	616	23.12	185	334	0.180	3.8	0.275
030624	23:37	616	21.99	185	127	0.060	4.1	0.075
030625	02:37	616	21.74	185	188	0.060	4.1	0.100
030625	05:37	616	22.19	185	418	0.040	4.6	0.075
030625	08:37	616	22.39	185	414	0.060	4.5	0.075
030625	11:37	616	22.67	185	153	0.120	6.1	0.175
030625	14:37	616	22.07	185	0	0.060	6.3	0.100
030625	17:37	616	22.80	185	94	0.060	5.7	0.100
030625	20:37	616	22.75	185	167	0.040	4.9	0.050
030625	23:37	616	24.45	185	24	0.040	4.7	0.050
030626	02:37	616	24.17	184	917	0.040	5.1	0.075
030626	05:37	616	22.63	185	105	0.220	3.7	0.350
030626	08:37	616	23.04	185	256	0.060	3.8	0.100
030626	11:37	616	24.09	185	57	0.040	4.1	0.075
030626	14:37	616	24.57	184	841	0.040	4.3	0.050
030626	17:37	616	23.85	184	878	0.060	5.7	0.100
030626	20:37	616	23.89	185	55	0.100	3.5	0.150
030626	23:37	616	24.13	184	901	0.040	4.5	0.075
030627	02:37	616	24.53	184	858	0.040	4.1	0.050
030627	05:37	616	23.16	185	169	0.040	4.3	0.050
030627	08:37	616	24.05	185	441	0.040	4.4	0.075
030627	11:37	616	24.05	185	220	0.040	4.3	0.075
030627	14:37	616	23.76	184	991	0.080	6.3	0.125
030627	17:37	616	22.67	184	995	0.060	5.5	0.075
030627	20:37	616	22.35	185	325	0.040	4.6	0.075
030627	23:37	616	22.51	185	71	0.040	4.7	0.050
030628	02:37	616	22.92	185	32	0.040	4.9	0.050
030628	05:37	616	23.24	185	460	0.040	5.1	0.050
030628	08:37	616	23.89	185	735	0.040	4.9	0.050
030628	11:37	616	24.13	185	539	0.040	4.5	0.075
030628	14:37	616	24.33	185	91	0.040	4.5	0.075
030628	17:37	616	23.76	185	142	0.080	5.5	0.125
030628	20:37	616	24.01	185	408	0.040	4.8	0.075
030628	23:37	616	24.05	185	289	0.040	4.5	0.075
030629	02:37	616	23.97	185	68	0.020	4.1	0.050
030629	05:37	616	24.41	185	403	0.060	3.9	0.075
030629	08:37	616	24.53	185	769	0.060	3.9	0.100
030629	11:37	616	24.49	185	587	0.020	4.0	0.050
030629	14:37	616	24.13	185	102	0.020	5.2	0.025
030629	17:37	616	23.81	184	973	0.040	5.7	0.050
030629	20:37	616	23.89	185	199	0.020	5.1	0.050
030629	23:37	616	23.32	185	185	0.040	4.8	0.050
030630	02:37	616	23.52	184	961	0.040	5.0	0.075
030630	05:37	616	23.64	185	232	0.040	5.2	0.050
030630	08:37	616	23.85	185	650	0.040	4.5	0.050
030630	11:37	616	23.76	185	517	0.040	4.9	0.075
030630	14:37	616	23.89	185	83	0.040	5.3	0.075
030630	17:37	616	23.72	185	22	0.060	5.1	0.075
030630	20:37	616	23.97	185	256	0.220	3.8	0.325
030630	23:37	616	24.05	185	245	0.320	3.7	0.475
030701	02:37	616	24.05	185	45	0.200	3.6	0.325
030701	05:37	616	23.97	185	78	0.240	3.8	0.375
030701	08:37	616	24.13	185	462	0.240	3.8	0.375
030701	11:37	616	24.25	185	553	0.160	3.7	0.250
030701	14:37	616	24.21	185	211	0.240	4.1	0.350
030701	17:37	616	24.21	185	1	0.180	4.0	0.250
030701	20:37	616	23.60	185	230	0.200	3.7	0.300
030701	23:37	616	23.68	185	203	0.100	4.0	0.150
030702	02:37	616	23.56	185	15	0.080	4.1	0.100
030702	05:37	616	23.68	185	296	0.040	4.4	0.075
030702	08:37	616	24.37	185	731	0.060	4.5	0.075
030702	11:37	616	24.53	185	881	0.040	4.6	0.075
030702	14:37	616	24.37	185	437	0.060	4.9	0.100
030702	17:37	616	24.25	185	167	0.060	5.4	0.100
030702	20:37	616	24.13	185	296	0.080	5.5	0.100
030702	23:37	616	24.13	185	412	0.040	5.2	0.075
030703	02:37	616	24.17	185	364	0.040	5.3	0.075
030703	05:37	616	24.25	185	462	0.060	5.0	0.075
030703	08:37	616	24.37	185	839	0.060	5.6	0.075
030703	11:37	616	24.17	185	998	0.040	4.9	0.050
030703	14:37	616	24.01	185	679	0.040	4.9	0.075
030703	17:37	616	24.01	185	254	0.060	5.6	0.075
030703	20:37	616	24.01	185	354	0.060	4.8	0.075
030703	23:37	616	24.41	185	441	0.040	5.1	0.075
030704	02:37	616	24.41	185	361	0.060	5.1	0.100
030704	05:37	616	24.41	185	498	0.060	5.2	0.075
030704	08:37	616	24.69	185	629	0.060	5.6	0.075
030704	11:37	616	24.01	185	784	0.120	5.7	0.175
030704	14:37	616	23.04	185	413	0.080	6.3	0.100
030704	17:37	616	24.53	185	207	0.080	5.4	0.125
030704	20:37	616	24.41	185	182	0.060	5.7	0.075
030704	23:37	616	24.69	185	241	0.060	6.2	0.100
030705	02:37	616	24.94	185	360	0.040	5.2	0.075
030705	05:37	616	25.02	185	446	0.040	7.6	0.075
030705	08:37	616	24.77	185	446	0.040	8.9	0.050
030705	11:37	616	24.29	185	479	0.040	5.8	0.075
030705	14:37	616	22.19	185	419	0.040	4.9	0.050
030705	17:37	616	23.56	185	96	0.040	5.9	0.050
030705	20:37	616	23.32	185	59	0.040	6.3	0.050
030705	23:37	616	22.67	185	141	0.040	4.6	0.050
030706	02:37	616	22.31	185	199	0.040	5.4	0.050
030706	05:37	616	20.61	185	196	0.080	5.2	0.100
030706	08:37	616	23.44	185	465	0.180	4.1	0.275
030706	11:37	616	24.57	185	458	0.180	4.2	0.275
030706	14:37	616	24.45	185	168	0.100	4.1	0.150
030706	17:37	616	23.64	185	152	0.060	4.5	0.100
030706	20:37	616	23.40	185	171	0.100	4.4	0.150
030706	23:37	616	23.60	185	207	0.100	4.2	0.150
030707	02:37	616	23.85	185	423	0.160	3.8	0.225
030707	05:37	616	23.89	185	427	0.240	3.7	0.375
030707	08:37	616	22.84	185	301	0.160	3.5	0.250
030707	11:37	616	24.33	185	207	0.140	4.0	0.200
030707	14:37	616	24.53	185	93	0.100	4.1	0.150
030707	17:37	616	23.40	185	5	0.080	5.1	0.100
030707	20:37	616	22.07	185	53	0.080	4.7	0.125
030707	23:37	616	22.59	184	933	0.100	3.9	0.150
030708	02:37	616	22.88	185	43	0.080	4.8	0.125
030708	05:37	616	22.23	185	141	0.060	5.3	0.075
030708	08:37	616	23.48	185	113	0.080	4.0	0.100
030708	11:37	616	24.17	184	984	0.100	5.9	0.150
030708	14:37	616	23.40	184	911	0.060	5.2	0.075
030708	17:37	616	23.97	185	4	0.060	5.4	0.075
030708	20:37	616	24.17	185	38	0.120	4.0	0.175
030708	23:37	616	23.72	184	829	0.100	4.2	0.150
030709	02:37	616	23.04	184	958	0.080	4.2	0.125
030709	05:37	616	23.16	185	213	0.140	3.5	0.200
030709	08:37	616	24.33	185	283	0.100	4.0	0.150
030709	11:37	616	24.45	184	1014	0.060	5.2	0.100
030709	14:37	616	23.60	184	881	0.080	5.3	0.100
030709	17:37	616	24.53	185	5	0.080	5.0	0.125
030709	20:37	616	24.09	185	142	0.080	5.0	0.125
030709	23:37	616	24.09	184	1004	0.060	5.3	0.100
030710	02:37	616	23.97	184	1011	0.060	5.0	0.100
030710	05:37	616	24.17	185	349	0.060	5.0	0.075
030710	08:37	616	24.65	185	484	0.040	5.2	0.075
030710	11:37	616	24.82	185	186	0.040	5.8	0.075
030710	14:37	616	25.14	185	83	0.080	5.7	0.125
030710	17:37	616	24.49	185	204	0.060	5.9	0.100
030710	20:37	616	24.29	185	142	0.060	5.3	0.100
030710	23:37	616	24.69	184	903	0.060	4.9	0.075
030711	02:37	616	24.57	184	864	0.060	5.1	0.100
030711	05:37	616	24.05	185	274	0.040	5.1	0.075
030711	08:37	616	24.49	185	436	0.040	5.1	0.075
030711	11:37	616	24.17	185	268	0.040	5.5	0.050
030711	14:37	616	24.17	184	805	0.100	5.7	0.150
030711	17:37	616	24.45	184	904	0.060	5.7	0.100
030711	20:37	616	24.61	185	73	0.040	4.4	0.075
030711	23:37	616	24.57	184	839	0.040	4.7	0.075
030712	02:37	616	24.57	184	795	0.080	3.6	0.125
030712	05:37	616	24.53	185	175	0.060	4.2	0.100
030712	08:37	616	24.82	185	610	0.040	4.6	0.075
030712	11:37	616	25.02	185	310	0.100	3.7	0.150
030712	14:37	616	24.65	184	821	0.080	3.6	0.125
030712	17:37	616	24.01	184	804	0.100	3.7	0.150
030712	20:37	616	24.98	185	76	0.300	3.7	0.450
030712	23:37	616	25.22	185	65	0.200	3.6	0.325
030713	02:37	616	25.02	184	801	0.120	3.7	0.200
030713	05:37	616	25.02	185	98	0.180	3.8	0.275
030713	08:37	616	25.26	185	536	0.160	3.9	0.250
030713	11:37	616	25.02	185	200	0.160	3.8	0.250
030713	14:37	616	25.02	184	572	0.180	3.9	0.275
030713	17:37	616	25.46	184	626	0.140	4.1	0.225
030713	20:37	616	25.46	184	877	0.100	3.9	0.150
030713	23:37	616	25.22	184	759	0.080	4.1	0.100
030714	02:37	616	24.17	184	482	0.060	4.3	0.100
030714	05:37	616	25.06	184	850	0.060	4.6	0.075
030714	08:37	616	25.22	185	235	0.060	4.7	0.075
030714	11:37	616	24.98	185	145	0.060	4.8	0.075
030714	14:37	616	24.98	184	625	0.040	5.7	0.050
030714	17:37	616	24.69	184	490	0.040	5.8	0.050
030714	20:37	616	24.69	184	790	0.080	5.4	0.100
030714	23:37	616	24.69	184	796	0.060	5.1	0.100
030715	02:37	616	24.69	184	622	0.060	4.8	0.075
030715	05:37	616	24.73	184	759	0.040	5.0	0.050
030715	08:37	616	24.86	185	106	0.060	4.7	0.100
030715	11:37	616	24.65	185	174	0.080	6.4	0.100
030715	14:37	616	24.53	184	876	0.060	6.3	0.100
030715	17:37	616	24.37	184	652	0.040	4.7	0.050
030715	20:37	616	24.45	184	773	0.040	4.1	0.075
030715	23:37	616	24.45	184	784	0.040	4.7	0.050
030716	02:37	616	23.00	184	680	0.040	4.7	0.075
030716	05:37	616	24.09	184	758	0.060	4.4	0.075
030716	08:37	616	24.49	185	130	0.160	3.6	0.225
030716	11:37	616	24.33	185	197	0.120	3.9	0.175
030716	14:37	616	25.46	184	963	0.080	4.0	0.125
030716	17:37	616	25.46	184	638	0.100	3.9	0.150
030716	20:37	616	23.24	184	846	0.080	4.3	0.100
030716	23:37	616	24.53	184	969	0.060	4.6	0.100
030717	02:37	616	21.70	184	858	0.060	4.4	0.100
030717	05:37	616	24.53	184	970	0.120	3.8	0.175
030717	08:37	616	25.30	185	262	0.160	3.6	0.225
030717	11:37	616	26.11	185	420	0.240	3.6	0.375
030717	14:37	616	26.11	185	157	0.100	3.8	0.150
030717	17:37	616	25.87	184	1013	0.100	3.9	0.150
030717	20:37	616	25.58	184	1001	0.080	4.8	0.100
030717	23:37	616	24.94	184	1020	0.060	4.7	0.100
030718	02:37	616	23.08	184	978	0.060	4.6	0.100
030718	05:37	616	24.69	185	40	0.060	4.6	0.100
030718	08:37	616	25.22	185	238	0.060	4.3	0.100
030718	11:37	616	25.10	185	358	0.060	4.7	0.100
030718	14:37	616	24.94	185	236	0.060	4.7	0.100
030718	17:37	616	24.98	184	1013	0.080	4.7	0.100
030718	20:37	616	24.13	185	47	0.100	4.2	0.150
030718	23:37	616	25.22	185	209	0.100	4.1	0.150
030719	02:37	616	25.30	185	185	0.080	4.4	0.125
030719	05:37	616	25.30	185	103	0.260	3.8	0.400
030719	08:37	616	25.46	185	286	0.200	3.6	0.300
030719	11:37	616	25.66	185	397	0.180	3.7	0.275
030719	14:37	616	25.99	185	351	0.240	4.0	0.350
030719	17:37	616	25.91	185	57	0.220	4.1	0.325
030719	20:37	616	25.78	185	257	0.340	4.0	0.525
030719	23:37	616	25.74	185	332	0.280	3.9	0.425
030720	02:37	616	25.70	185	240	0.320	4.0	0.475
030720	05:37	616	25.66	185	332	0.340	3.9	0.525
030720	08:37	616	25.83	185	412	0.380	4.0	0.575
030720	11:37	616	25.58	185	502	0.260	4.0	0.375
030720	14:37	616	25.83	185	608	0.420	4.1	0.625
030720	17:37	616	25.83	185	487	0.340	3.9	0.525
030720	20:37	616	25.66	185	575	0.260	4.0	0.400
030720	23:37	616	25.62	185	558	0.280	3.9	0.425
030721	02:37	616	25.54	185	612	0.200	3.9	0.300
030721	05:37	616	25.50	185	656	0.180	3.8	0.275
030721	08:37	616	25.70	185	834	0.140	3.8	0.225
030721	11:37	616	25.42	185	788	0.160	3.7	0.250
030721	14:37	616	25.18	185	670	0.200	3.7	0.300
030721	17:37	616	25.06	185	631	0.180	3.7	0.275
030721	20:37	616	24.82	185	769	0.260	3.8	0.400
030721	23:37	616	24.57	185	581	0.200	3.6	0.325
030722	02:37	616	24.65	185	687	0.220	3.8	0.350
030722	05:37	616	24.77	185	820	0.340	3.9	0.500
030722	08:37	616	24.53	185	883	0.140	4.0	0.200
030722	11:37	616	24.77	185	780	0.180	4.2	0.250
030722	14:37	616	25.02	185	633	0.180	3.9	0.275
030722	17:37	616	25.18	185	774	0.320	3.9	0.475
030722	20:37	616	25.06	185	738	0.420	4.2	0.625
030722	23:37	616	25.10	185	595	0.420	4.1	0.625
030723	02:37	616	25.02	185	870	0.340	3.8	0.500
030723	05:37	616	24.41	186	136	0.420	4.3	0.625
030723	08:37	616	24.17	186	219	0.500	4.3	0.725
030723	11:37	616	24.57	185	932	0.560	4.5	0.825
030723	14:37	616	24.37	185	811	0.520	4.2	0.775
030723	17:37	616	24.33	185	773	0.380	3.9	0.575
030723	20:37	616	24.33	185	822	0.460	3.9	0.675
030723	23:37	616	24.21	185	612	0.280	3.5	0.425
030724	02:38	616	24.17	185	819	0.280	3.6	0.425
030724	05:38	616	24.17	186	79	0.100	3.8	0.150
030724	08:38	616	24.25	186	61	0.080	3.9	0.125
030724	11:38	616	24.57	185	865	0.160	3.3	0.250
030724	14:38	616	24.69	185	632	0.180	3.4	0.275
030724	17:38	616	24.86	185	734	0.080	3.7	0.125
030724	20:38	616	25.34	185	792	0.060	4.8	0.100
030724	23:38	616	25.18	185	595	0.060	4.7	0.075
030725	02:38	616	25.22	185	578	0.040	4.7	0.075
030725	05:38	616	25.26	185	951	0.040	5.1	0.075
030725	08:38	616	25.22	185	958	0.040	4.7	0.075
030725	11:38	616	25.06	185	731	0.040	4.5	0.050
030725	14:38	616	25.74	185	498	0.040	4.7	0.075
030725	17:38	616	25.50	185	417	0.080	5.2	0.100
030725	20:38	616	25.83	185	634	0.160	3.5	0.225
030725	23:38	616	26.03	185	458	0.060	4.3	0.075
030726	02:38	616	25.58	185	423	0.060	4.2	0.100
030726	05:38	616	25.10	185	750	0.060	4.4	0.075
030726	08:38	616	24.90	185	975	0.080	3.8	0.125
030726	11:38	616	24.82	185	696	0.140	3.6	0.225
030726	14:38	616	24.57	185	307	0.060	3.9	0.100
030726	17:38	616	24.49	185	360	0.100	3.7	0.150
030726	20:38	616	24.77	185	760	0.420	4.0	0.625
030726	23:38	616	25.91	185	788	0.420	3.8	0.650
030727	02:38	616	25.87	185	675	0.400	3.8	0.600
030727	05:38	616	25.78	186	71	0.380	4.0	0.575
030727	08:38	616	25.70	186	214	0.460	4.3	0.700
030727	11:38	616	25.50	185	967	0.520	4.3	0.775
030727	14:38	616	25.38	185	667	0.360	3.9	0.550
030727	17:38	616	25.14	185	692	0.520	4.2	0.775
030727	20:38	616	25.02	185	1012	0.400	4.1	0.600
030727	23:38	616	24.98	185	837	0.400	3.7	0.600
030728	02:38	616	24.82	185	751	0.300	4.1	0.450
030728	05:38	616	24.82	186	119	0.480	4.4	0.725
030728	08:38	616	24.90	186	612	0.440	4.5	0.650
030728	11:38	616	24.73	186	460	0.500	4.3	0.750
030728	14:38	616	24.69	185	925	0.340	4.1	0.525
030728	17:38	616	24.86	185	936	0.360	4.1	0.525
030728	20:38	616	24.98	186	216	0.420	4.0	0.625
030728	23:38	616	25.02	186	243	0.320	3.7	0.475
030729	02:38	616	25.02	186	29	0.280	3.8	0.425
030729	05:38	616	24.98	186	245	0.360	3.9	0.525
030729	08:38	616	25.06	186	733	0.200	3.8	0.325
030729	11:38	616	25.30	186	510	0.260	3.8	0.400
030729	14:38	616	25.22	185	999	0.200	3.7	0.325
030729	17:38	616	25.26	185	990	0.300	3.7	0.450
030729	20:38	616	25.30	186	190	0.180	3.5	0.275
030729	23:38	616	25.22	186	230	0.080	4.0	0.125
030730	02:38	616	25.06	185	957	0.120	3.5	0.200
030730	05:38	616	24.77	186	65	0.060	4.0	0.100
030730	08:38	616	24.94	186	475	0.080	4.1	0.125
030730	11:38	616	25.10	186	398	0.040	4.6	0.075
030730	14:38	616	25.50	185	834	0.060	4.9	0.100
030730	17:38	616	25.18	185	575	0.060	5.3	0.075
030730	20:38	616	24.86	185	849	0.060	5.4	0.075
030730	23:38	616	24.77	185	855	0.040	5.1	0.075
030731	02:38	616	24.69	185	586	0.040	4.8	0.075
030731	05:38	616	24.69	185	544	0.020	4.8	0.050
030731	08:38	616	24.73	185	981	0.040	5.2	0.050
030731	11:38	616	24.69	186	34	0.040	4.6	0.050
030731	14:38	616	24.77	185	670	0.020	5.3	0.050
030731	17:38	616	24.73	185	364	0.040	5.4	0.075
030731	20:38	616	24.65	185	611	0.040	4.7	0.075
030731	23:38	616	25.02	185	784	0.040	5.0	0.075
030801	02:38	616	25.02	185	519	0.060	4.4	0.100
030801	05:38	616	25.06	185	490	0.060	4.7	0.075
030801	08:38	616	25.14	185	1016	0.060	5.2	0.075
030801	11:38	616	25.34	186	294	0.040	5.4	0.075
030801	14:38	616	25.34	185	974	0.040	5.4	0.075
030801	17:38	616	25.22	185	673	0.060	5.1	0.075
030801	20:38	616	25.18	185	851	0.080	5.2	0.100
030801	23:38	616	25.14	186	124	0.120	5.9	0.200
030802	02:38	616	25.30	185	974	0.040	5.6	0.075
030802	05:38	616	25.22	185	919	0.040	5.0	0.075
030802	08:38	616	25.26	186	250	0.080	5.0	0.100
030802	11:38	616	25.42	186	550	0.080	5.7	0.125
030802	14:38	616	25.46	186	330	0.080	4.4	0.125
030802	17:38	616	25.34	186	40	0.080	5.1	0.125
030802	20:38	616	25.42	186	89	0.100	4.7	0.150
030802	23:38	616	25.42	186	225	0.140	3.8	0.200
030803	02:38	616	25.26	186	271	0.120	3.9	0.200
030803	05:38	616	25.18	186	252	0.140	3.9	0.200
030803	08:38	616	25.34	186	389	0.100	3.9	0.175
030803	11:38	616	25.30	186	601	0.100	4.0	0.150
030803	14:38	616	25.46	186	445	0.120	4.4	0.175
030803	17:38	616	25.95	186	173	0.080	4.2	0.125
030803	20:38	616	25.91	186	194	0.080	4.5	0.100
030803	23:38	616	25.91	186	175	0.120	4.0	0.200
030804	02:38	616	26.07	186	282	0.120	3.9	0.175
030804	05:38	616	26.15	186	224	0.160	3.6	0.250
030804	08:38	616	25.66	186	273	0.120	3.5	0.175
030804	11:38	616	25.58	186	283	0.080	3.5	0.125
030804	14:38	616	25.54	186	102	0.040	4.0	0.075
030804	17:38	616	25.42	185	884	0.080	5.0	0.100
030804	20:38	616	25.34	185	908	0.320	3.9	0.500
030804	23:38	616	25.30	185	986	0.220	3.7	0.325
030805	02:38	616	25.46	186	26	0.180	3.8	0.250
030805	05:38	616	25.50	186	60	0.220	3.9	0.325
030805	08:38	616	26.23	186	147	0.180	3.7	0.250
030805	11:38	616	26.39	186	111	0.260	4.0	0.375
030805	14:38	616	25.74	185	936	0.440	4.1	0.675
030805	17:38	616	25.54	185	936	0.460	4.3	0.675
030805	20:38	616	25.70	186	2	0.440	4.1	0.675
030805	23:38	616	25.50	185	833	0.360	4.2	0.525
030806	02:38	616	25.78	185	977	0.280	4.1	0.425
030806	05:38	616	25.83	186	143	0.180	4.2	0.275
030806	08:38	616	25.99	186	53	0.220	4.2	0.325
030806	11:38	616	25.50	185	791	0.180	4.0	0.275
030806	14:38	616	26.27	185	788	0.300	3.8	0.450
030806	17:38	616	26.88	185	828	0.300	3.8	0.450
030806	20:38	616	26.43	185	741	0.420	4.1	0.625
030806	23:38	616	26.35	185	585	0.260	4.0	0.400
030807	02:38	616	26.27	185	614	0.200	3.8	0.300
030807	05:38	616	26.03	185	828	0.220	4.0	0.350
030807	08:38	616	26.15	185	980	0.180	3.7	0.275
030807	11:38	616	26.23	185	732	0.140	3.7	0.225
030807	14:38	616	26.27	185	488	0.100	3.8	0.150
030807	17:38	616	26.31	185	597	0.460	4.1	0.700
030807	20:38	616	26.23	185	662	0.260	4.0	0.400
030807	23:38	616	26.11	185	510	0.160	3.8	0.250
030808	02:38	616	26.23	185	470	0.100	3.7	0.150
030808	05:38	616	26.27	185	933	0.100	3.8	0.150
030808	08:38	616	26.19	186	20	0.140	3.9	0.200
030808	11:38	616	26.11	185	740	0.160	3.8	0.225
030808	14:38	616	25.95	185	437	0.120	3.8	0.175
030808	17:38	616	26.19	185	563	0.400	3.9	0.600
030808	20:38	616	25.83	185	691	0.280	4.1	0.425
030808	23:38	616	25.78	185	576	0.200	3.9	0.300
030809	02:38	616	25.78	185	482	0.280	4.1	0.400
030809	05:38	616	25.78	185	897	0.220	4.2	0.325
030809	08:38	616	25.99	186	123	0.200	4.0	0.300
030809	11:38	616	26.03	185	690	0.220	3.9	0.325
030809	14:38	616	25.99	185	198	0.300	3.9	0.450
030809	17:38	616	26.11	185	377	0.180	4.0	0.275
030809	20:38	616	25.99	185	729	0.220	4.2	0.325
030809	23:38	616	25.99	185	525	0.140	4.0	0.225
030810	02:38	616	25.91	185	420	0.140	4.2	0.225
030810	05:38	616	25.83	185	752	0.120	4.5	0.175
030810	08:38	616	25.91	186	58	0.140	3.9	0.200
030810	11:38	616	25.50	185	799	0.160	4.2	0.225
030810	14:38	616	25.58	185	294	0.160	4.0	0.250
030810	17:38	616	25.42	185	491	0.120	4.3	0.200
030810	20:38	616	25.30	185	788	0.080	3.9	0.125
030810	23:38	616	25.22	185	614	0.060	4.7	0.075
030811	02:38	616	25.02	185	531	0.060	4.1	0.100
030811	05:38	616	24.98	185	799	0.240	3.6	0.375
030811	08:38	616	25.02	186	171	0.120	3.7	0.175
030811	11:38	616	25.02	186	24	0.140	4.8	0.225
030811	14:38	616	25.02	185	511	0.060	4.3	0.100
030811	17:38	616	24.57	185	498	0.160	4.1	0.225
030811	20:38	616	24.57	185	909	0.120	3.8	0.175
030811	23:38	616	24.37	185	853	0.060	4.6	0.100
030812	02:38	616	24.41	185	607	0.080	4.3	0.125
030812	05:38	616	24.45	185	1003	0.080	4.4	0.100
030812	08:38	616	24.57	186	470	0.120	3.7	0.175
030812	11:38	616	24.57	186	297	0.100	4.1	0.150
030812	14:38	616	24.49	185	757	0.100	4.1	0.175
030812	17:38	616	25.87	185	604	0.240	3.7	0.375
030812	20:38	616	25.50	185	990	0.360	3.7	0.550
030812	23:38	616	25.14	186	59	0.300	3.8	0.450
030813	02:38	616	25.02	185	907	0.240	3.7	0.375
030813	05:38	616	25.06	185	958	0.460	4.2	0.675
030813	08:38	616	25.30	186	413	0.320	3.9	0.500
030813	11:38	616	25.46	186	303	0.340	3.9	0.525
030813	14:38	616	25.78	185	877	0.260	4.1	0.400
030813	17:38	616	25.66	185	724	0.400	4.2	0.600
030813	20:38	616	25.58	185	1019	0.260	4.0	0.375
030813	23:38	616	25.50	186	20	0.220	4.0	0.325
030814	02:38	616	25.46	185	777	0.320	4.1	0.475
030814	05:38	616	25.38	185	816	0.280	4.0	0.425
030814	08:38	616	25.66	186	244	0.280	4.1	0.400
030814	11:38	616	25.91	186	211	0.320	4.1	0.475
030814	14:38	616	25.99	185	587	0.260	4.0	0.375
030814	17:38	616	25.99	185	336	0.220	4.0	0.325
030814	20:38	616	25.91	185	704	0.200	3.8	0.325
030814	23:38	616	25.87	185	760	0.200	3.7	0.325
030815	02:38	616	25.74	185	678	0.080	4.2	0.125
030815	05:38	616	25.78	185	590	0.100	3.9	0.150
030815	08:38	616	25.74	185	850	0.080	4.5	0.125
030815	11:38	616	25.78	185	836	0.060	4.4	0.100
030815	14:38	616	25.78	185	521	0.060	4.5	0.100
030815	17:38	616	25.78	185	335	0.100	5.9	0.150
030815	20:38	616	25.91	185	626	0.120	3.7	0.175
030815	23:38	616	25.91	185	763	0.080	3.8	0.125
030816	02:38	616	25.91	185	629	0.060	4.1	0.100
030816	05:38	616	25.74	185	635	0.060	4.0	0.100
030816	08:38	616	25.99	185	925	0.040	5.0	0.075
030816	11:38	616	25.46	185	1001	0.040	4.5	0.075
030816	14:38	616	24.69	185	723	0.040	4.8	0.075
030816	17:38	616	24.86	185	444	0.040	4.8	0.075
030816	20:38	616	24.82	185	647	0.040	4.7	0.050
030816	23:38	616	24.94	185	810	0.060	4.5	0.075
030817	02:38	616	25.18	185	632	0.040	4.2	0.075
030817	05:38	616	25.22	185	521	0.060	5.0	0.075
030817	08:38	616	25.38	185	857	0.060	4.8	0.075
030817	11:38	616	25.50	185	1015	0.040	4.8	0.050
030817	14:38	616	24.65	185	687	0.040	4.7	0.050
030817	17:38	616	24.94	185	602	0.040	5.0	0.050
030817	20:38	616	25.26	185	681	0.220	3.7	0.325
030817	23:38	616	25.22	185	861	0.100	3.5	0.150
030818	02:38	616	25.22	185	699	0.260	3.5	0.400
030818	05:38	616	25.06	185	654	0.120	3.5	0.175
030818	08:38	616	24.73	185	806	0.140	3.8	0.200
030818	11:38	616	25.14	185	910	0.240	3.8	0.350
030818	14:38	616	25.50	185	791	0.240	4.0	0.375
030818	17:38	616	25.42	185	639	0.400	4.3	0.600
030818	20:38	616	25.38	185	718	0.280	4.2	0.425
030818	23:38	616	25.42	185	769	0.240	4.3	0.350
030819	02:38	616	25.54	185	688	0.180	3.9	0.275
030819	05:38	616	25.58	185	689	0.220	4.0	0.325
030819	08:38	616	25.74	185	669	0.260	3.9	0.375
030819	11:38	616	25.74	185	897	0.240	4.0	0.350
030819	14:38	616	25.83	185	633	0.340	4.1	0.500
030819	17:38	616	25.87	185	504	0.360	4.2	0.525
030819	20:38	616	25.74	185	691	0.300	4.2	0.450
030819	23:38	616	25.70	185	760	0.260	4.1	0.400
030820	02:38	616	25.62	185	637	0.160	4.0	0.250
030820	05:38	616	25.02	185	713	0.180	4.0	0.275
030820	08:38	616	24.98	185	726	0.100	4.1	0.150
030820	11:38	616	25.14	185	816	0.180	3.8	0.275
030820	14:38	616	25.50	185	688	0.120	3.9	0.200
030820	17:38	616	25.50	185	655	0.320	4.1	0.475
030820	20:38	616	25.50	185	687	0.200	3.6	0.300
030820	23:38	616	25.22	185	820	0.140	3.9	0.200
030821	02:38	616	25.22	185	781	0.160	3.8	0.250
030821	05:38	616	25.18	186	12	0.260	3.7	0.375
030821	08:38	616	25.14	186	147	0.220	3.8	0.350
030821	11:38	616	25.34	185	1013	0.220	4.0	0.325
030821	14:38	616	25.46	185	908	0.220	3.8	0.350
030821	17:38	616	25.42	185	920	0.200	3.6	0.300
030821	20:38	616	25.42	186	45	0.180	3.6	0.275
030821	23:38	616	25.34	186	110	0.280	3.9	0.425
030822	02:38	616	25.22	186	218	0.240	4.0	0.350
030822	05:38	616	25.18	186	669	0.280	4.2	0.400
030822	08:38	616	25.26	186	607	0.200	4.1	0.300
030822	11:38	616	25.26	186	211	0.200	3.9	0.300
030822	14:38	616	25.06	185	1012	0.180	4.0	0.275
030822	17:38	616	24.94	186	26	0.240	4.1	0.375
030822	20:38	616	24.94	186	298	0.220	4.1	0.325
030822	23:38	616	25.10	186	308	0.200	4.1	0.300
030823	02:38	616	25.06	186	389	0.280	4.0	0.425
030823	05:38	616	25.02	186	759	0.400	4.3	0.600
030823	08:38	616	25.14	186	913	0.280	4.2	0.400
030823	11:38	616	25.26	186	414	0.320	4.0	0.500
030823	14:38	616	25.22	186	100	0.480	4.1	0.700
030823	17:38	616	25.70	186	145	0.420	4.0	0.625
030823	20:38	616	25.46	186	379	0.240	4.1	0.375
030823	23:38	616	25.34	186	173	0.200	3.9	0.300
030824	02:38	616	25.18	186	166	0.200	3.7	0.300
030824	05:38	616	25.18	186	460	0.220	3.8	0.325
030824	08:38	616	25.26	186	519	0.200	3.7	0.300
030824	11:38	616	25.22	186	31	0.120	4.0	0.175
030824	14:38	616	25.14	185	602	0.160	4.7	0.225
030824	17:38	616	25.06	185	887	0.100	4.7	0.150
030824	20:38	616	25.06	186	138	0.180	3.4	0.275
030824	23:38	616	25.10	185	859	0.120	3.9	0.175
030825	02:38	616	25.02	185	717	0.060	4.5	0.100
030825	05:38	616	24.98	186	49	0.060	4.8	0.100
030825	08:38	616	25.22	186	215	0.060	4.6	0.100
030825	11:38	616	25.30	185	853	0.040	4.7	0.075
030825	14:38	616	25.38	185	563	0.040	4.6	0.050
030825	17:38	616	25.34	185	789	0.060	5.6	0.075
030825	20:38	616	25.34	186	52	0.060	4.6	0.100
030825	23:38	616	25.26	185	895	0.040	4.8	0.075
030826	02:38	616	25.14	185	727	0.040	4.9	0.050
030826	05:38	616	25.22	186	56	0.040	4.5	0.075
030826	08:38	616	25.38	186	503	0.040	5.2	0.050
030826	11:38	616	25.62	186	64	0.040	4.9	0.050
030826	14:38	616	25.22	185	652	0.040	6.0	0.050
030826	17:38	616	25.14	185	846	0.040	5.1	0.075
030826	20:38	616	25.10	186	210	0.040	5.0	0.050
030826	23:38	616	25.02	186	30	0.040	4.7	0.075
030827	02:38	616	25.42	185	778	0.060	4.9	0.075
030827	05:38	616	25.54	185	927	0.040	5.3	0.050
030827	08:38	616	25.62	186	469	0.040	5.0	0.050
030827	11:38	616	25.62	186	222	0.040	4.2	0.075
030827	14:38	616	25.50	185	727	0.040	5.1	0.075
030827	17:38	616	25.58	185	678	0.040	5.2	0.075
030827	20:38	616	25.78	186	73	0.040	4.6	0.075
030827	23:38	616	25.50	185	965	0.040	5.1	0.050
030828	02:38	616	25.34	185	635	0.020	5.1	0.050
030828	05:38	616	25.46	185	761	0.040	4.9	0.075
030828	08:38	616	25.54	186	416	0.060	5.0	0.075
030828	11:38	616	25.66	186	273	0.060	4.9	0.075
030828	14:38	616	25.70	185	847	0.040	5.0	0.075
030828	17:38	616	25.66	185	730	0.060	4.7	0.075
030828	20:38	616	25.66	186	83	0.220	3.5	0.325
030828	23:38	616	25.66	186	63	0.100	3.6	0.150
030829	02:38	616	25.70	185	721	0.060	4.2	0.075
030829	05:38	616	25.66	185	790	0.160	3.6	0.250
030829	08:38	616	25.78	186	322	0.100	3.6	0.150
030829	11:38	616	25.74	186	376	0.100	4.0	0.150
030829	14:38	616	25.66	185	901	0.040	4.4	0.050
030829	17:38	616	25.91	185	619	0.140	3.8	0.200
030829	20:38	616	25.99	186	26	0.100	3.6	0.150
030829	23:38	616	25.99	186	165	0.120	3.6	0.175
030830	02:38	616	26.03	185	972	0.200	3.5	0.300
030830	05:38	616	26.11	185	894	0.140	3.7	0.200
030830	08:38	616	25.87	186	328	0.200	3.8	0.300
030830	11:38	616	25.83	186	418	0.100	4.4	0.150
030830	14:38	616	25.66	185	896	0.060	4.6	0.100
030830	17:38	616	25.91	185	599	0.060	5.4	0.100
030830	20:38	616	25.06	185	900	0.060	4.5	0.100
030830	23:38	616	26.39	186	123	0.060	4.3	0.075
030831	02:38	616	25.66	185	890	0.100	4.0	0.175
030831	05:38	616	25.62	185	900	0.040	4.9	0.075
030831	08:38	616	25.58	186	18	0.040	4.3	0.050
030831	11:38	616	25.91	186	29	0.040	4.8	0.050
030831	14:38	616	25.62	185	711	0.040	4.8	0.075
030831	17:38	616	25.02	185	446	0.040	4.8	0.050
030831	20:38	616	25.14	185	770	0.040	4.9	0.075
030831	23:38	616	24.41	185	1022	0.040	6.1	0.050
030901	02:38	616	24.86	185	810	0.040	5.0	0.050
030901	05:38	616	25.02	185	874	0.040	4.8	0.075
030901	08:38	616	25.34	185	967	0.040	5.3	0.075
030901	11:38	616	25.50	185	996	0.040	5.6	0.075
030901	14:38	616	25.38	185	669	0.040	5.3	0.050
030901	17:38	616	25.46	185	723	0.060	5.1	0.075
030901	20:38	616	25.02	185	1014	0.060	4.7	0.075
030901	23:38	616	25.22	186	207	0.060	4.9	0.100
030902	02:38	616	25.46	186	37	0.060	4.6	0.100
030902	05:38	616	25.46	185	990	0.080	4.9	0.125
030902	08:38	616	25.83	186	95	0.060	5.2	0.075
