020824	00:15	616	26.23	185	572	0.120	3.5	0.200
020824	03:15	616	26.11	185	408	0.060	3.8	0.075
020824	06:15	616	26.19	185	716	0.120	3.6	0.175
020824	09:15	616	26.31	186	132	0.140	3.6	0.225
020824	12:15	616	26.39	185	717	0.080	4.4	0.125
020824	15:15	616	26.27	185	227	0.060	4.8	0.100
020824	18:15	616	26.11	185	387	0.080	3.7	0.125
020824	21:15	616	26.11	185	735	0.100	3.7	0.150
020825	00:15	616	26.11	185	574	0.100	3.8	0.150
020825	03:15	616	26.11	185	380	0.160	3.8	0.250
020825	06:15	616	26.03	185	679	0.180	3.9	0.275
020825	09:15	616	26.07	185	922	0.160	3.9	0.250
020825	12:15	616	26.03	185	930	0.220	4.1	0.325
020825	15:15	616	25.78	185	472	0.220	4.1	0.325
020825	18:15	616	25.87	185	568	0.300	3.9	0.450
020825	21:15	616	25.91	185	908	0.340	4.0	0.525
020826	00:15	616	25.87	185	857	0.260	4.2	0.375
020826	03:15	616	25.78	185	758	0.260	4.2	0.375
020826	06:15	616	25.78	185	531	0.200	4.1	0.300
020826	09:15	616	25.91	185	1021	0.260	4.2	0.375
020826	12:15	616	25.62	186	106	0.220	4.0	0.325
020826	15:15	616	25.46	185	626	0.280	4.0	0.425
020826	18:15	616	25.46	185	428	0.340	4.2	0.500
020826	21:15	616	25.58	186	24	0.420	4.4	0.625
020827	00:15	616	25.50	185	927	0.300	4.2	0.450
020827	03:15	616	25.26	185	754	0.340	4.0	0.500
020827	06:15	616	25.18	185	703	0.360	4.1	0.550
020827	09:15	616	25.22	185	980	0.340	4.2	0.500
020827	12:15	616	25.30	186	103	0.260	3.7	0.400
020827	15:15	616	25.34	185	719	0.440	3.9	0.650
020827	18:15	616	25.22	185	527	0.360	4.0	0.550
020827	21:15	616	25.22	185	850	0.200	4.0	0.300
020828	00:15	616	25.22	186	12	0.240	3.8	0.375
020828	03:15	616	25.14	185	853	0.300	3.7	0.450
020828	06:15	616	25.10	185	823	0.280	3.8	0.425
020828	09:15	616	25.18	186	212	0.180	3.6	0.275
020828	12:15	616	25.38	186	222	0.200	3.6	0.300
020828	15:15	616	25.42	185	825	0.080	3.8	0.100
020828	18:15	616	25.46	185	890	0.160	3.5	0.250
020828	21:15	616	25.42	186	130	0.320	3.8	0.475
020829	00:15	616	25.38	186	322	0.260	3.5	0.375
020829	03:15	616	25.30	186	146	0.100	3.7	0.150
020829	06:15	616	25.26	186	38	0.040	5.1	0.075
020829	09:15	616	25.38	186	190	0.060	4.4	0.100
020829	12:15	616	25.66	186	205	0.040	5.0	0.075
020829	15:15	616	26.07	186	34	0.060	5.9	0.100
020829	18:15	616	25.50	186	145	0.060	4.9	0.100
020829	21:15	616	25.46	186	361	0.060	5.1	0.075
020830	00:15	616	25.42	186	430	0.040	5.8	0.050
020830	03:15	616	25.30	186	406	0.040	6.7	0.050
020830	06:15	616	25.34	186	419	0.020	5.7	0.050
020830	09:15	616	25.46	186	407	0.040	5.5	0.050
020830	12:15	616	25.50	186	376	0.040	5.6	0.050
020830	15:15	616	25.50	186	255	0.040	5.2	0.075
020830	18:15	616	25.46	186	218	0.060	5.0	0.075
020830	21:15	616	25.42	186	265	0.060	4.5	0.075
020831	00:15	616	25.38	186	491	0.060	5.1	0.075
020831	03:15	616	25.42	186	387	0.060	5.3	0.075
020831	06:15	616	25.46	186	220	0.060	5.7	0.100
020831	09:15	616	25.62	186	308	0.080	6.2	0.100
020831	12:15	616	25.70	186	223	0.080	6.4	0.125
020831	15:15	616	25.50	186	115	0.100	6.7	0.150
020831	18:15	616	25.46	186	228	0.080	6.0	0.100
020831	21:15	616	25.42	186	373	0.080	5.2	0.100
020901	00:15	616	25.38	186	401	0.060	5.4	0.075
020901	03:15	616	25.26	186	493	0.060	5.3	0.100
020901	06:15	616	25.34	186	476	0.060	5.5	0.100
020901	09:15	616	25.66	186	531	0.060	5.0	0.100
020901	12:15	616	25.83	186	306	0.060	5.2	0.075
020901	15:15	616	25.74	186	242	0.040	5.9	0.075
020901	18:15	616	25.70	186	532	0.060	6.3	0.075
020901	21:15	616	25.62	186	622	0.040	5.6	0.075
020902	00:15	616	25.54	186	549	0.040	5.0	0.075
020902	03:15	616	25.50	186	717	0.060	5.1	0.100
020902	06:15	616	25.46	186	916	0.060	4.6	0.075
020902	09:15	616	25.54	186	812	0.040	5.4	0.050
020902	12:15	616	25.66	186	609	0.040	4.8	0.050
020902	15:15	616	25.66	186	568	0.040	5.9	0.075
020902	18:15	616	25.62	186	733	0.040	5.4	0.050
020902	21:15	616	25.62	186	744	0.040	4.9	0.050
020903	00:15	616	25.46	186	550	0.040	5.4	0.075
020903	03:15	616	25.46	186	562	0.040	5.2	0.050
020903	06:15	616	25.42	186	831	0.040	5.2	0.075
020903	09:15	616	25.46	186	773	0.040	5.2	0.050
020903	12:15	616	25.46	186	390	0.060	6.8	0.075
020903	15:15	616	25.42	186	179	0.040	5.7	0.050
020903	18:15	616	25.46	186	430	0.040	5.2	0.075
020903	21:15	616	25.38	186	518	0.040	5.1	0.075
020904	00:15	616	25.30	186	204	0.060	4.1	0.100
020904	03:15	616	25.30	186	171	0.040	4.5	0.075
020904	06:15	616	25.30	186	459	0.040	5.3	0.050
020904	09:15	616	25.50	186	544	0.040	5.3	0.050
020904	12:15	616	25.58	186	21	0.020	5.1	0.050
020904	15:15	616	25.46	185	704	0.040	5.3	0.050
020904	18:15	616	25.02	185	1022	0.040	4.7	0.075
020904	21:15	616	25.06	186	160	0.060	4.8	0.100
020905	00:15	616	25.02	185	872	0.040	4.7	0.075
020905	03:15	616	25.06	185	700	0.060	5.1	0.075
020905	06:15	616	25.22	186	184	0.060	4.9	0.075
020905	09:15	616	25.42	186	426	0.040	5.1	0.075
020905	12:15	616	25.62	185	939	0.040	5.3	0.050
020905	15:15	616	25.58	185	538	0.040	4.9	0.050
020905	18:15	616	25.50	185	889	0.040	4.8	0.075
020905	21:15	616	25.46	186	151	0.040	5.1	0.075
020906	00:15	616	25.38	185	848	0.040	5.0	0.075
020906	03:15	616	25.30	185	723	0.040	5.1	0.050
020906	06:15	616	25.30	186	224	0.040	5.2	0.050
020906	09:15	616	25.46	186	408	0.060	5.2	0.075
020906	12:15	616	25.58	186	21	0.020	5.2	0.050
020906	15:15	616	25.38	185	589	0.020	5.8	0.050
020906	18:15	616	25.34	185	905	0.040	5.3	0.075
020906	21:15	616	25.06	186	187	0.040	5.2	0.075
020907	00:15	616	25.06	186	10	0.040	5.0	0.075
020907	03:15	616	24.98	185	833	0.060	4.8	0.100
020907	06:15	616	25.06	186	100	0.040	4.3	0.050
020907	09:15	616	25.26	186	417	0.080	4.8	0.100
020907	12:15	616	25.38	186	42	0.040	4.9	0.050
020907	15:15	616	25.38	185	635	0.040	5.5	0.075
020907	18:15	616	25.30	185	830	0.060	5.5	0.100
020907	21:15	616	25.26	186	181	0.040	5.2	0.050
020908	00:15	616	25.30	186	56	0.040	5.0	0.075
020908	03:15	616	25.22	185	732	0.040	5.0	0.075
020908	06:15	616	25.14	185	835	0.040	4.5	0.050
020908	09:15	616	25.30	186	270	0.060	4.7	0.075
020908	12:15	616	25.46	185	1013	0.040	5.0	0.075
020908	15:15	616	25.46	185	541	0.040	5.6	0.050
020908	18:15	616	25.46	185	736	0.040	5.8	0.050
020908	21:15	616	25.42	186	5	0.020	5.8	0.050
020909	00:15	616	25.38	185	982	0.040	6.1	0.075
020909	03:15	616	25.30	185	754	0.040	5.0	0.075
020909	06:15	616	25.22	185	690	0.040	5.5	0.075
020909	09:15	616	25.46	186	124	0.060	5.2	0.100
020909	12:15	616	25.58	185	907	0.060	5.5	0.100
020909	15:15	616	25.46	185	504	0.060	5.5	0.100
020909	18:15	616	25.46	185	636	0.100	6.1	0.150
020909	21:15	616	25.42	185	979	0.100	4.1	0.150
020910	00:16	616	25.38	185	893	0.120	4.1	0.200
020910	03:16	616	25.38	185	615	0.120	4.2	0.200
020910	06:16	616	25.26	185	700	0.120	4.6	0.175
020910	09:16	616	25.46	186	37	0.100	4.5	0.150
020910	12:16	616	25.54	185	933	0.120	5.1	0.175
020910	15:16	616	25.18	185	687	0.080	5.2	0.125
020910	18:16	616	25.14	185	726	0.100	5.2	0.150
020910	21:16	616	25.14	185	935	0.120	4.7	0.175
020911	00:16	616	25.18	185	860	0.140	4.2	0.200
020911	03:16	616	25.10	185	703	0.100	5.4	0.150
020911	06:16	616	25.26	185	767	0.120	5.2	0.175
020911	09:16	616	25.46	185	833	0.120	5.3	0.175
020911	12:16	616	25.50	185	827	0.080	5.4	0.125
020911	15:16	616	24.90	185	641	0.060	5.6	0.100
020911	18:16	616	24.94	185	736	0.080	5.9	0.125
020911	21:16	616	25.02	185	917	0.060	5.9	0.100
020912	00:16	616	25.22	185	929	0.060	5.4	0.100
020912	03:16	616	25.22	185	807	0.060	4.6	0.100
020912	06:16	616	25.14	185	931	0.040	4.8	0.075
020912	09:16	616	25.38	185	966	0.060	4.2	0.100
020912	12:16	616	25.42	185	1021	0.060	4.6	0.100
020912	15:16	616	25.34	185	781	0.040	4.3	0.075
020912	18:16	616	25.26	185	1021	0.060	4.8	0.075
020912	21:16	616	25.22	186	69	0.060	4.3	0.100
020913	00:16	616	25.14	186	105	0.040	4.7	0.075
020913	03:16	616	25.10	186	76	0.040	4.5	0.075
020913	06:16	616	25.06	186	121	0.060	4.1	0.100
020913	09:16	616	25.34	186	99	0.060	3.8	0.100
020913	12:16	616	25.30	186	80	0.060	4.8	0.075
020913	15:16	616	25.38	185	932	0.080	5.1	0.125
020913	18:16	616	25.46	186	45	0.080	5.9	0.125
020913	21:16	616	25.46	186	98	0.060	5.3	0.100
020914	00:16	616	25.38	185	991	0.060	5.5	0.100
020914	03:16	616	25.38	185	882	0.040	5.3	0.050
020914	06:16	616	25.38	185	1015	0.060	4.1	0.075
020914	09:16	616	25.46	185	961	0.100	3.7	0.150
020914	12:16	616	25.50	185	775	0.120	3.9	0.200
020914	15:16	616	25.62	185	684	0.120	4.6	0.175
020914	18:16	616	25.50	185	800	0.180	4.2	0.250
020914	21:16	616	25.06	185	934	0.180	4.3	0.250
020915	00:16	616	25.38	185	808	0.240	4.3	0.350
020915	03:16	616	25.38	185	860	0.220	4.1	0.325
020915	06:16	616	25.38	186	1	0.320	3.8	0.500
020915	09:16	616	25.42	186	35	0.460	4.1	0.700
020915	12:16	616	25.58	185	733	0.580	4.3	0.850
020915	15:16	616	25.50	185	704	0.560	4.5	0.850
020915	18:16	616	25.58	185	790	0.500	4.2	0.750
020915	21:16	616	25.58	185	898	0.420	4.2	0.625
020916	00:16	616	25.50	185	836	0.420	4.7	0.625
020916	03:16	616	25.06	186	44	0.360	4.9	0.550
020916	06:16	616	24.90	186	472	0.360	5.4	0.550
020916	09:16	616	24.98	186	460	0.300	5.6	0.450
020916	12:16	616	25.38	186	85	0.240	6.1	0.350
020916	15:16	616	25.38	185	920	0.200	6.1	0.300
020916	18:16	616	25.30	186	248	0.200	6.1	0.275
020916	21:16	616	25.10	186	477	0.140	6.0	0.200
020917	00:16	616	25.10	186	286	0.160	5.6	0.225
020917	03:16	616	25.18	186	277	0.200	4.7	0.300
020917	06:16	616	25.18	186	509	0.240	4.9	0.350
020917	09:16	616	25.46	186	509	0.240	4.6	0.375
020917	12:16	616	25.54	186	9	0.180	4.9	0.275
020917	15:16	616	25.50	185	790	0.140	4.9	0.200
020917	18:16	616	25.46	186	118	0.140	5.2	0.200
020917	21:16	616	25.42	186	267	0.140	4.0	0.225
020918	00:16	616	25.38	186	61	0.200	4.0	0.300
020918	03:16	616	25.26	186	38	0.160	3.9	0.225
020918	06:16	616	25.22	186	424	0.180	3.9	0.250
020918	09:16	616	25.50	186	428	0.100	4.2	0.175
020918	12:16	616	25.62	186	39	0.080	4.2	0.125
020918	15:16	616	25.46	185	910	0.100	5.3	0.125
020918	18:16	616	25.42	186	244	0.080	4.6	0.100
020918	21:16	616	25.34	186	424	0.100	3.7	0.150
020919	00:16	616	25.26	186	151	0.080	4.0	0.100
020919	03:16	616	25.18	186	124	0.060	4.3	0.100
020919	06:16	616	25.06	186	323	0.100	4.0	0.150
020919	09:16	616	25.34	186	518	0.080	4.2	0.125
020919	12:16	616	25.74	186	17	0.060	4.4	0.100
020919	15:16	616	25.02	185	934	0.060	4.6	0.075
020919	18:16	616	24.86	186	358	0.060	5.4	0.100
020919	21:16	616	25.18	186	489	0.140	3.5	0.225
020920	00:16	616	25.10	186	147	0.220	3.4	0.325
020920	03:16	616	25.14	185	909	0.120	3.6	0.200
020920	06:16	616	25.10	186	240	0.160	3.5	0.250
020920	09:16	616	25.30	186	406	0.180	3.6	0.275
020920	12:16	616	25.22	186	127	0.080	4.2	0.125
020920	15:16	616	25.38	185	913	0.080	5.1	0.125
020920	18:16	616	25.14	186	155	0.060	5.4	0.100
020920	21:16	616	25.22	186	401	0.300	3.6	0.450
020921	00:16	616	25.14	186	42	0.220	3.6	0.325
020921	03:16	616	25.06	185	699	0.160	3.8	0.250
020921	06:16	616	25.10	185	976	0.240	3.6	0.350
020921	09:16	616	25.18	186	412	0.160	3.5	0.225
020921	12:16	616	25.46	186	0	0.080	4.3	0.125
020921	15:16	616	25.46	185	623	0.060	4.1	0.075
020921	18:16	616	25.34	185	879	0.080	5.7	0.100
020921	21:16	616	25.02	185	998	0.040	4.8	0.075
020922	00:16	616	25.18	185	742	0.040	4.7	0.075
020922	03:16	616	25.18	185	449	0.040	5.3	0.075
020922	06:16	616	25.06	185	697	0.040	5.0	0.075
020922	09:16	616	25.22	186	158	0.040	4.8	0.050
020922	12:16	616	25.26	185	868	0.120	6.1	0.175
020922	15:16	616	25.22	185	368	0.040	5.2	0.075
020922	18:16	616	25.10	185	518	0.040	5.9	0.075
020922	21:16	616	25.18	185	794	0.040	5.2	0.075
020923	00:16	616	25.18	185	563	0.060	4.8	0.075
020923	03:16	616	25.18	185	253	0.040	5.2	0.075
020923	06:16	616	25.22	185	553	0.040	4.9	0.075
020923	09:16	616	25.34	185	826	0.040	4.6	0.050
020923	12:16	616	25.46	185	662	0.060	5.1	0.075
020923	15:16	616	25.26	185	518	0.060	3.9	0.075
020923	18:16	616	25.54	185	608	0.240	3.3	0.375
020923	21:16	616	25.34	186	67	0.520	3.9	0.775
020924	00:16	616	25.22	185	961	0.540	4.1	0.800
020924	03:16	616	25.26	185	836	0.560	4.5	0.825
020924	06:16	616	25.18	185	988	0.560	4.7	0.825
020924	09:16	616	24.57	186	425	0.420	4.6	0.625
020924	12:16	616	25.02	186	166	0.420	4.7	0.625
020924	15:16	616	25.02	185	929	0.460	4.6	0.675
020924	18:16	616	25.30	186	48	0.380	4.5	0.550
020924	21:16	616	25.22	186	519	0.300	4.5	0.450
020925	00:16	616	25.18	186	339	0.340	4.1	0.525
020925	03:16	616	25.18	186	113	0.360	4.1	0.525
020925	06:16	616	24.98	186	216	0.360	4.0	0.525
020925	09:16	616	25.14	186	532	0.420	4.1	0.625
020925	12:16	616	25.22	186	366	0.360	4.4	0.525
020925	15:16	616	25.22	186	172	0.340	4.4	0.500
020925	18:16	616	25.22	186	250	0.260	4.3	0.375
020925	21:16	616	25.14	186	548	0.240	4.3	0.350
020926	00:16	616	25.06	186	513	0.220	4.0	0.325
020926	03:16	616	25.02	186	267	0.220	4.1	0.350
020926	06:16	616	25.02	186	454	0.260	4.1	0.400
020926	09:16	616	25.10	186	578	0.400	5.2	0.575
020926	12:16	616	25.18	186	401	0.220	5.3	0.325
020926	15:16	616	25.14	186	343	0.200	5.6	0.300
020926	18:16	616	25.10	186	514	0.160	5.5	0.225
020926	21:16	616	25.02	186	899	0.080	5.5	0.125
020927	00:16	616	24.98	186	958	0.080	5.4	0.100
020927	03:16	616	24.98	186	713	0.080	5.3	0.100
020927	06:16	616	25.02	186	753	0.060	6.0	0.100
020927	09:16	616	25.14	186	679	0.080	6.2	0.100
020927	12:16	616	25.26	186	593	0.120	6.1	0.175
020927	15:16	616	25.18	186	551	0.100	6.9	0.125
020927	18:16	616	25.14	186	809	0.120	7.1	0.175
020927	21:16	616	25.06	186	1015	0.060	5.8	0.100
020928	00:16	616	25.02	187	105	0.080	5.2	0.125
020928	03:16	616	25.02	186	777	0.080	5.3	0.125
020928	06:16	616	24.98	186	859	0.080	5.7	0.125
020928	09:16	616	25.06	186	724	0.080	5.5	0.125
020928	12:16	616	25.06	186	883	0.060	5.7	0.100
020928	15:16	616	25.02	186	875	0.100	4.5	0.150
020928	18:16	616	24.94	187	15	0.280	3.6	0.425
020928	21:16	616	24.94	187	85	0.380	4.2	0.575
020929	00:16	616	24.86	187	78	0.360	4.0	0.525
020929	03:16	616	24.82	186	997	0.460	4.2	0.700
020929	06:16	616	24.77	186	803	0.480	4.4	0.725
020929	09:16	616	24.82	186	977	0.560	4.9	0.825
020929	12:16	616	24.82	186	627	0.620	4.9	0.925
020929	15:16	616	24.86	186	836	0.740	5.2	1.075
020929	18:16	616	24.90	187	13	0.800	5.7	1.175
020929	21:16	616	24.77	186	923	0.880	5.4	1.300
020930	00:16	616	24.82	186	682	0.740	5.4	1.075
020930	03:16	616	24.73	186	630	0.660	5.8	0.950
020930	06:16	616	24.77	186	894	0.480	5.8	0.700
020930	09:16	616	24.77	186	828	0.380	5.6	0.575
020930	12:16	616	24.82	186	527	0.320	5.8	0.475
020930	15:16	616	24.82	186	471	0.200	5.6	0.300
020930	18:16	616	24.69	186	450	0.160	5.6	0.225
020930	21:16	616	24.61	186	370	0.140	5.5	0.200
021001	00:16	616	24.57	186	270	0.100	5.6	0.150
021001	03:16	616	24.53	186	383	0.100	5.5	0.125
021001	06:16	616	24.53	186	628	0.080	5.8	0.125
021001	09:16	616	24.69	186	572	0.060	5.7	0.075
021001	12:16	616	24.82	186	87	0.040	5.8	0.075
021001	15:16	616	24.73	185	1022	0.040	5.6	0.075
021001	18:16	616	24.61	186	300	0.060	5.6	0.100
021001	21:16	616	24.53	186	244	0.040	5.5	0.075
021002	00:16	616	24.33	186	112	0.060	5.5	0.075
021002	03:16	616	24.21	186	261	0.060	4.9	0.075
021002	06:16	616	24.21	186	526	0.040	5.6	0.075
021002	09:16	616	24.45	186	353	0.040	4.8	0.075
021002	12:16	616	24.57	185	905	0.040	5.1	0.050
021002	15:16	616	24.53	185	914	0.040	4.9	0.050
021002	18:16	616	24.41	186	278	0.240	3.8	0.375
021002	21:16	616	24.33	186	272	0.340	4.0	0.500
021003	00:16	616	24.21	185	1022	0.280	3.9	0.425
021003	03:16	616	24.13	185	969	0.380	4.1	0.550
021003	06:16	616	24.13	186	315	0.380	4.1	0.575
021003	09:16	616	24.17	186	279	0.320	3.8	0.500
021003	12:16	616	24.29	185	911	0.320	4.3	0.475
021003	15:16	616	24.17	185	630	0.300	4.0	0.450
021003	18:16	616	24.09	185	976	0.300	4.1	0.450
021003	21:16	616	23.89	185	978	0.200	3.9	0.300
021004	00:16	616	23.81	185	588	0.200	3.9	0.300
021004	03:16	616	23.81	185	493	0.180	4.0	0.275
021004	06:16	616	23.81	186	11	0.200	3.6	0.300
021004	09:16	616	24.01	186	84	0.180	3.6	0.275
021004	12:16	616	24.17	185	538	0.080	3.9	0.125
021004	15:16	616	24.17	185	227	0.060	4.8	0.100
021004	18:16	616	24.01	185	673	0.060	5.9	0.075
021004	21:16	616	23.93	185	802	0.140	3.7	0.200
021005	00:16	616	23.81	185	512	0.120	3.7	0.200
021005	03:16	616	23.81	185	358	0.080	3.9	0.125
021005	06:16	616	23.81	185	775	0.060	4.0	0.100
021005	09:16	616	24.05	185	828	0.060	4.0	0.100
021005	12:16	616	24.09	185	217	0.060	4.5	0.075
021005	15:16	616	24.05	184	926	0.060	5.5	0.075
021005	18:16	616	24.05	185	364	0.080	6.1	0.125
021005	21:16	616	24.01	185	679	0.060	5.8	0.100
021006	00:16	616	23.93	185	216	0.060	5.2	0.100
021006	03:16	616	23.81	184	951	0.060	5.6	0.100
021006	06:16	616	23.89	185	175	0.040	4.6	0.075
021006	09:16	616	24.01	185	398	0.040	4.5	0.075
021006	12:16	616	24.13	184	936	0.120	4.2	0.175
021006	15:16	616	24.17	184	679	0.100	3.9	0.150
021006	18:16	616	24.09	185	33	0.140	3.8	0.225
021006	21:16	616	24.01	185	378	0.140	4.2	0.225
021007	00:16	616	23.89	185	53	0.120	4.3	0.200
021007	03:16	616	23.85	184	818	0.160	4.6	0.250
021007	06:16	616	23.81	185	230	0.120	4.5	0.175
021007	09:16	616	23.93	185	618	0.120	4.9	0.175
021007	12:16	616	23.93	185	281	0.160	5.4	0.250
021007	15:16	616	23.89	185	95	0.140	5.2	0.200
021007	18:16	616	23.89	185	357	0.160	5.5	0.250
021007	21:16	616	23.89	185	803	0.160	5.5	0.250
021008	00:16	616	23.85	185	670	0.180	5.4	0.250
021008	03:16	616	23.76	185	171	0.160	5.5	0.225
021008	06:16	616	23.76	185	478	0.120	5.1	0.175
021008	09:16	616	23.89	185	738	0.120	5.7	0.200
021008	12:16	616	24.01	185	370	0.140	5.9	0.200
021008	15:16	616	23.97	185	42	0.140	5.3	0.200
021008	18:16	616	23.93	185	269	0.100	5.6	0.150
021008	21:16	616	23.93	185	584	0.080	5.3	0.125
021009	00:16	616	23.85	185	471	0.080	5.3	0.125
021009	03:16	616	23.68	185	172	0.080	5.6	0.125
021009	06:16	616	23.68	185	175	0.060	5.1	0.100
021009	09:16	616	23.89	185	362	0.080	5.6	0.100
021009	12:16	616	23.97	185	179	0.080	5.5	0.100
021009	15:16	616	23.93	184	983	0.060	5.8	0.100
021009	18:16	616	23.93	185	7	0.080	5.4	0.125
021009	21:16	616	23.93	185	359	0.080	5.6	0.100
021010	00:16	616	23.85	185	353	0.060	5.5	0.100
021010	03:16	616	23.81	185	168	0.100	4.5	0.150
021010	06:16	616	23.81	185	411	0.040	4.9	0.075
021010	09:16	616	23.97	185	335	0.080	3.9	0.100
021010	12:16	616	24.25	185	247	0.120	3.5	0.200
021010	15:16	616	24.13	185	59	0.080	3.8	0.100
021010	18:16	616	24.17	185	261	0.100	3.8	0.150
021010	21:16	616	23.85	185	500	0.080	4.0	0.125
021011	00:16	616	23.93	185	481	0.080	4.2	0.125
021011	03:16	616	23.89	185	341	0.080	3.8	0.125
021011	06:16	616	23.97	185	443	0.080	3.9	0.125
021011	09:16	616	24.01	185	534	0.140	3.7	0.225
021011	12:16	616	24.01	185	429	0.100	3.8	0.175
021011	15:16	616	23.97	185	358	0.120	4.0	0.175
021011	18:16	616	23.97	185	646	0.100	3.9	0.175
021011	21:16	616	23.97	185	674	0.080	4.2	0.125
021012	00:16	616	24.01	185	689	0.160	3.7	0.225
021012	03:16	616	23.97	185	678	0.180	3.9	0.275
021012	06:16	616	23.93	185	589	0.240	3.8	0.350
021012	09:16	616	24.01	185	729	0.380	4.3	0.575
021012	12:16	616	24.01	185	678	0.320	4.2	0.475
021012	15:16	616	24.01	185	713	0.300	4.7	0.450
021012	18:16	616	23.97	185	940	0.360	4.9	0.525
021012	21:16	616	23.93	185	962	0.220	4.5	0.325
021013	00:16	616	23.85	186	91	0.180	4.4	0.250
021013	03:16	616	23.81	186	43	0.160	4.1	0.225
021013	06:16	616	23.81	186	17	0.240	4.0	0.350
021013	09:16	616	23.85	186	286	0.240	4.0	0.350
021013	12:16	616	23.93	185	1001	0.180	4.1	0.275
021013	15:16	616	23.97	186	94	0.200	4.4	0.300
021013	18:16	616	23.97	186	488	0.240	4.8	0.375
021013	21:16	616	23.89	186	553	0.220	4.9	0.325
021014	00:16	616	23.81	186	515	0.240	4.8	0.375
021014	03:16	616	23.68	186	668	0.220	4.7	0.325
021014	06:16	616	23.48	186	753	0.180	4.7	0.275
021014	09:16	616	23.81	186	687	0.140	4.6	0.225
021014	12:16	616	23.89	186	415	0.120	5.0	0.175
021014	15:16	616	23.97	186	481	0.100	5.7	0.125
021014	18:16	616	23.97	186	788	0.100	5.1	0.150
021014	21:16	616	23.93	186	895	0.200	4.0	0.300
021015	00:16	616	23.64	186	858	0.120	4.3	0.200
021015	03:16	616	23.72	186	732	0.140	4.1	0.200
021015	06:16	616	23.76	186	1000	0.160	4.2	0.225
021015	09:16	616	23.89	186	922	0.120	4.2	0.200
021015	12:16	616	24.09	186	748	0.220	4.3	0.325
021015	15:16	616	24.17	186	728	0.280	4.1	0.425
021015	18:16	616	24.09	187	119	0.220	4.0	0.325
021015	21:16	616	23.93	187	104	0.200	4.4	0.300
021016	00:16	616	23.85	186	728	0.120	4.2	0.200
021016	03:16	616	23.89	186	790	0.220	4.0	0.325
021016	06:16	616	23.97	187	153	0.240	3.9	0.350
021016	09:16	616	24.13	187	139	0.200	4.1	0.300
021016	12:16	616	24.17	186	736	0.140	4.0	0.225
021016	15:16	616	24.21	186	507	0.160	4.1	0.225
021016	18:16	616	24.21	186	1002	0.220	3.9	0.350
021016	21:16	616	24.17	186	985	0.160	3.8	0.250
021017	00:16	616	24.05	186	558	0.180	3.7	0.275
021017	03:16	616	23.97	186	485	0.180	3.7	0.275
021017	06:16	616	24.05	186	981	0.100	3.9	0.150
021017	09:16	616	24.09	186	957	0.100	4.1	0.150
021017	12:16	616	24.17	186	340	0.080	4.2	0.125
021017	15:16	616	24.17	186	259	0.080	4.3	0.100
021017	18:16	616	24.21	186	660	0.080	4.2	0.125
021017	21:16	616	24.17	186	668	0.060	4.9	0.100
021018	00:16	616	24.13	186	539	0.060	5.2	0.075
021018	03:16	616	24.01	186	647	0.060	4.8	0.075
021018	06:16	616	24.05	187	29	0.060	4.9	0.075
021018	09:16	616	24.09	187	166	0.060	4.3	0.100
021018	12:16	616	24.13	186	780	0.060	5.3	0.100
021018	15:16	616	24.13	186	604	0.040	4.5	0.075
021018	18:16	616	24.09	186	1009	0.060	6.1	0.075
021018	21:16	616	24.05	187	29	0.040	5.3	0.075
021019	00:16	616	24.01	186	850	0.040	5.7	0.050
021019	03:16	616	23.93	186	576	0.040	5.0	0.075
021019	06:16	616	23.93	186	871	0.060	4.7	0.100
021019	09:16	616	23.97	186	975	0.100	5.5	0.150
021019	12:16	616	24.09	186	433	0.020	5.7	0.050
021019	15:16	616	23.93	186	351	0.020	4.9	0.050
021019	18:16	616	23.93	186	705	0.040	5.4	0.075
021019	21:16	616	23.89	186	914	0.040	5.6	0.050
021020	00:16	616	23.81	186	488	0.040	5.2	0.075
021020	03:16	616	23.56	186	338	0.040	5.1	0.050
021020	06:16	616	23.64	186	607	0.040	4.9	0.050
021020	09:16	616	23.64	186	883	0.080	4.8	0.100
021020	12:16	616	23.81	186	361	0.100	3.9	0.150
021020	15:16	616	23.81	186	31	0.220	3.9	0.325
021020	18:16	616	23.72	186	339	0.240	3.8	0.350
021020	21:16	616	23.72	186	561	0.240	4.0	0.375
021021	00:16	616	23.60	186	263	0.360	4.1	0.550
021021	03:16	616	23.52	186	24	0.400	4.1	0.600
021021	06:16	616	23.56	186	316	0.320	4.0	0.475
021021	09:16	616	23.68	186	527	0.280	4.1	0.400
021021	12:16	616	23.76	186	84	0.260	4.0	0.400
021021	15:16	616	23.76	185	819	0.240	3.9	0.375
021021	18:16	616	23.68	186	25	0.240	3.9	0.350
021021	21:16	616	23.52	186	341	0.260	4.0	0.400
021022	00:16	616	23.40	185	1017	0.200	3.7	0.300
021022	03:16	616	23.44	185	705	0.180	3.6	0.275
021022	06:16	616	23.40	185	968	0.100	3.9	0.150
021022	09:16	616	23.60	186	319	0.140	4.4	0.200
021022	12:16	616	23.68	185	960	0.100	4.6	0.150
021022	15:16	616	23.60	185	736	0.080	5.1	0.125
021022	18:16	616	23.56	186	66	0.080	5.4	0.125
021022	21:16	616	23.52	186	429	0.060	5.6	0.075
021023	00:16	616	23.44	186	245	0.060	5.7	0.100
021023	03:16	616	23.44	186	39	0.060	5.8	0.075
021023	06:16	616	23.40	186	122	0.060	5.2	0.075
021023	09:16	616	23.48	186	333	0.060	4.8	0.100
021023	12:16	616	23.52	185	999	0.060	5.6	0.100
021023	15:16	616	23.52	185	827	0.060	6.2	0.100
021023	18:16	616	23.48	186	173	0.060	5.1	0.100
021023	21:16	616	23.44	186	468	0.060	4.9	0.100
021024	00:16	616	23.44	186	366	0.060	5.7	0.100
021024	03:16	616	23.36	186	70	0.060	5.1	0.075
021024	06:16	616	23.32	186	110	0.060	5.4	0.075
021024	09:16	616	23.48	186	373	0.060	5.1	0.075
021024	12:16	616	23.52	186	243	0.040	5.6	0.075
021024	15:16	616	23.48	186	129	0.060	5.4	0.075
021024	18:16	616	23.44	186	406	0.060	5.8	0.100
021024	21:16	616	23.40	186	756	0.040	5.2	0.050
021025	00:16	616	23.40	186	581	0.020	5.2	0.050
021025	03:16	616	23.36	186	282	0.020	5.9	0.050
021025	06:16	616	23.16	186	373	0.040	4.7	0.050
021025	09:16	616	23.20	186	541	0.040	4.6	0.075
021025	12:16	616	23.28	186	460	0.080	5.7	0.125
021025	15:16	616	23.32	186	364	0.060	6.0	0.100
021025	18:16	616	23.20	186	437	0.060	4.9	0.100
021025	21:16	616	23.12	186	795	0.060	4.4	0.100
021026	00:16	616	23.04	186	680	0.100	3.5	0.150
021026	03:16	616	23.04	186	424	0.100	3.5	0.150
021026	06:16	616	23.00	186	430	0.100	3.6	0.175
021026	09:16	616	23.16	186	641	0.100	3.7	0.150
021026	12:16	616	23.40	186	490	0.080	3.9	0.125
021026	15:16	616	23.36	186	347	0.040	4.2	0.075
021026	18:16	616	23.28	186	492	0.060	5.3	0.100
021026	21:16	616	23.24	186	699	0.060	5.1	0.100
021027	00:16	616	23.12	186	645	0.060	4.8	0.100
021027	03:16	616	23.16	186	415	0.060	4.3	0.100
021027	06:16	616	23.16	186	492	0.060	4.1	0.100
021027	09:16	616	23.28	186	588	0.140	3.4	0.225
021027	12:16	616	23.32	186	293	0.180	4.0	0.250
021027	15:16	616	23.32	186	241	0.260	3.8	0.375
021027	18:16	616	23.24	186	393	0.280	3.8	0.425
021027	21:16	616	23.16	186	500	0.240	4.0	0.350
021028	00:16	616	23.08	186	438	0.240	4.0	0.350
021028	03:16	616	23.00	186	250	0.180	4.0	0.275
021028	06:16	616	22.92	186	314	0.140	4.0	0.225
021028	09:16	616	23.08	186	194	0.160	3.8	0.225
021028	12:16	616	23.24	186	1	0.100	4.2	0.150
021028	15:16	616	23.20	186	88	0.080	4.6	0.125
021028	18:16	616	23.16	186	287	0.060	4.7	0.075
021028	21:16	616	23.04	186	290	0.040	5.0	0.075
021029	00:16	616	23.00	186	306	0.040	4.8	0.075
021029	03:16	616	22.96	186	211	0.340	3.7	0.500
021029	06:16	616	22.88	186	170	0.340	4.2	0.500
021029	09:16	616	23.04	186	109	0.420	4.3	0.625
021029	12:16	616	23.04	185	980	0.560	4.2	0.825
021029	15:16	616	22.96	186	43	0.540	4.4	0.800
021029	18:16	616	22.75	186	278	0.420	4.2	0.625
021029	21:16	616	22.75	186	265	0.400	4.2	0.600
021030	00:16	616	22.71	186	138	0.420	4.3	0.600
021030	03:16	616	22.67	186	223	0.560	4.4	0.825
021030	06:16	616	22.63	186	298	0.520	4.5	0.775
021030	09:16	616	22.59	186	251	0.400	4.7	0.600
021030	12:16	616	22.59	185	815	0.420	4.4	0.625
021030	15:16	616	22.55	185	931	0.260	4.1	0.400
021030	18:16	616	22.31	186	256	0.400	4.0	0.600
021030	21:16	616	22.23	186	259	0.320	4.1	0.475
021031	00:16	616	22.39	186	16	0.200	4.1	0.300
021031	03:16	616	22.47	186	168	0.220	4.0	0.325
021031	06:16	616	22.35	186	392	0.180	4.8	0.275
021031	09:16	616	22.59	186	318	0.180	5.1	0.275
021031	12:16	616	22.75	185	863	0.180	4.7	0.275
021031	15:16	616	22.75	185	918	0.140	5.1	0.200
021031	18:16	616	22.67	186	484	0.140	4.8	0.200
021031	21:16	616	22.67	186	531	0.100	5.4	0.150
021101	00:16	616	22.55	186	243	0.100	5.5	0.150
021101	03:16	616	22.47	186	281	0.080	4.9	0.125
021101	06:16	616	22.47	186	694	0.100	5.2	0.150
021101	09:16	616	22.67	186	546	0.100	5.1	0.150
021101	12:16	616	22.75	186	57	0.100	5.6	0.150
021101	15:16	616	22.75	186	85	0.080	5.1	0.125
021101	18:16	616	22.96	186	628	0.060	4.9	0.100
021101	21:16	616	22.80	186	667	0.120	4.1	0.175
021102	00:16	616	22.67	186	380	0.240	3.4	0.375
021102	03:16	616	22.63	186	226	0.180	3.5	0.275
021102	06:16	616	22.55	186	674	0.180	3.5	0.250
021102	09:16	616	22.67	186	583	0.120	4.0	0.200
021102	12:16	616	22.67	185	1005	0.100	4.3	0.150
021102	15:16	616	22.59	185	883	0.100	5.1	0.150
021102	18:16	616	22.55	186	387	0.080	5.2	0.125
021102	21:16	616	22.55	186	526	0.060	5.1	0.100
021103	00:16	616	22.59	185	961	0.060	4.4	0.075
021103	03:16	616	22.55	185	766	0.040	5.3	0.050
021103	06:16	616	22.51	186	169	0.040	4.7	0.050
